167827
167843
167851
167853
167856
167862
167863
167891
167892
167901
167903
167913
167927
167955
167963
167968
167973
168016
168020
168053
168060
168067
168076
168090
168097
168106
168108
168111
168114
168116
168121
168122
168127
168134
168141
168145
168147
168151
168161
168173
168178
168185
168187
168190
168207
168215
168217
168218
168274
168289
168291
168294
168296
168316
168317
168329
168331
168332
168335
168338
168349
168356
168361
168366
168371
168377
168387
168405
168430
168451
168454
168475
168480
168488
168505
168506
168508
168521
168531
168533
168546
168563
168571
168574
168587
168595
168607
168609
168618
168622
168624
168627
168657
168661
168665
168703
168717
168718
168725
168730
168738
168739
168748
168754
168758
168763
168769
168774
168779
168795
168800
168803
168806
168818
168822
168828
168839
168843
168845
168848
168858
168865
168873
168874
168879
168900
168903
168905
168927
168932
168943
168948
168954
168963
168978
168992
168994
169003
169006
169014
169023
169026
169032
169035
169047
169066
169086
169094
169095
169100
169116
169121
169134
169155
169159
169165
169171
169172
169174
169188
169192
169197
169200
169203
169217
169243
169245
169249
169270
169282
169299
169311
169318
169321
169330
169334
169351
169352
169353
169365
169395
169401
169448
169456
169466
169480
169486
169490
169495
169499
169510
169527
169535
169573
169576
169579
169588
169589
169599
169600
169660
169686
169701
169722
169726
169732
169763
169774
169779
169820
169826
169845
169863
169878
169883
169893
169937
169947
169962
169984
169986
169988
169995
170008
170012
170021
170035
170069
170080
170101
170106
170107
170119
170122
170125
170139
170162
170172
170180
170193
170221
170225
170235
170238
170253
170273
170308
170313
170323
170336
170366
170388
170394
170428
170432
170439
170483
170485
170506
170516
170525
170529
170540
170558
170562
170579
170584
170601
170602
170607
170616
170623
170662
170666
170687
170689
170712
170731
170752
170766
170780
170785
170786
170832
170835
170850
170857
170865
170877
170882
170888
170902
170908
170917
170925
170929
170930
170937
170953
170962
170976
170980
170982
170990
171002
171011
171012
171017
171045
171049
171053
171064
171086
171099
171103
171105
171120
171154
171155
171158
171175
171176
171179
171180
171185
171194
171208
171221
171231
171239
171262
171269
171270
171284
171287
171289
171290
171315
171316
171321
171328
171330
171339
171353
171374
171376
171378
171380
171381
171384
171419
171422
171429
171430
171435
171444
171467
171468
171470
171472
171478
171479
171484
171495
171499
171536
171564
171566
171584
171585
171590
171637
171639
171647
171648
171649
171656
171665
171698
171735
171737
171742
171758
171766
171768
171785
171808
171848
171875
171950
171959
171966
171967
171997
172000
172010
172020
172023
172036
172051
172056
172059
172062
172085
172091
172092
172096
172105
172123
172143
172151
172156
172160
172162
172163
172171
172173
172176
172187
172196
172197
172218
172226
172232
172246
172248
172255
172264
172297
172310
172316
172322
172324
172328
172340
172350
172351
172361
172366
172369
172371
172376
172377
172387
172392
172406
172420
172422
172425
172426
172434
172463
172467
172475
172490
172492
172501
172506
172509
172537
172545
172582
172597
172608
172615
172622
172637
172654
172655
172669
172680
172681
172727
172743
172751
172778
172784
172800
172805
172806
172813
172852
172889
172899
172900
172901
172925
172930
172947
172957
172971
172974
173001
173019
173032
173056
173062
173069
173071
173073
173124
173132
173146
173149
173153
173157
173163
173184
173185
173196
173198
173202
173216
173221
173228
173231
173239
173251
173258
173279
173282
173284
173288
173289
173300
173324
173345
173373
173392
173422
173425
173447
173451
173482
173484
173491
173504
173506
173515
173519
173520
173527
173538
173550
173580
173596
173607
173610
173611
173629
173631
173632
173634
173644
173647
173652
173680
173684
173688
173695
173716
173742
173745
173749
173751
173759
173760
173768
173777
173791
173798
173812
173821
173833
173856
173864
173882
173883
173887
173893
173909
173925
173966
173978
173994
174005
174009
174011
174012
174015
174028
174030
174048
174066
174071
174090
174098
174099
174129
174135
174157
174167
174171
174176
174185
174188
174196
174213
174238
174263
174274
174282
174303
174305
174312
174337
174351
174356
174357
174358
174375
174389
174391
174399
174410
174412
174421
174427
174440
174462
174470
174474
174499
174500
174504
174507
174521
174527
174529
174560
174573
174574
174576
174595
174605
174615
174632
174657
174667
174669
174680
174694
174698
174701
174711
174712
174718
174735
174747
174749
174751
174758
174766
174773
174774
174787
174794
174806
174831
174842
174845
174861
174868
174869
174876
174889
174890
174909
174911
174930
174932
174934
174952
174964
174967
175000
175011
175012
175015
175021
175033
175038
175047
175053
175072
175088
175091
175101
175111
175112
175121
175126
175129
175135
175142
175154
175162
175185
175188
175189
175190
175191
175193
175217
175227
175231
175237
175250
175252
175256
175263
175270
175273
175281
175284
175288
175291
175293
175314
175333
175334
175336
175341
175383
175390
175391
175405
175410
175427
175430
175451
175459
175461
175476
175477
175480
175491
175500
175513
175523
175527
175536
175541
175552
175565
175583
175606
175609
175635
175655
175664
175669
175671
175693
175699
175703
175715
175731
175734
175739
175743
175745
175751
175775
175798
175801
175805
175820
175847
175855
175870
175871
175881
175889
175912
175923
175925
175946
175978
175991
176000
176008
176032
176038
176040
176086
176087
176090
176091
176098
176106
176131
176136
176138
176142
176155
176157
176174
176176
176178
176179
176194
176195
176222
176229
176249
176263
176280
176282
176285
176295
176300
176316
176318
176342
176359
176372
176384
176385
176392
176397
176442
176461
176462
176463
176470
176477
176478
176481
176483
176487
176500
176506
176509
176522
176536
176551
176558
176568
176571
176580
176588
176600
176621
176624
176668
176680
176694
176726
176728
176732
176736
176757
176758
176759
176761
176763
176765
176767
176769
176785
176790
176810
176826
176833
176849
176896
176904
176910
176925
176943
176945
176955
176969
176985
176991
176996
177010
177011
177019
177022
177036
177050
177058
177088
177090
177093
177125
177150
177163
177214
177238
177245
177253
177254
177255
177277
177280
177284
177289
177306
177314
177325
177339
177353
177356
177361
177367
177381
177387
177394
177406
177418
177440
177467
177472
177476
177492
177505
177516
177524
177532
177550
177571
177572
177604
177609
177619
177625
177628
177636
177652
177658
177666
177680
177705
177726
177748
177749
177755
177762
177763
177817
177821
177824
177829
177832
177837
177840
177845
177847
177915
177917
177922
177924
177948
177954
177957
177958
177959
177976
177977
177998
178000
178006
178009
178016
178018
178020
178026
178030
178034
178040
178048
178052
178053
178081
178096
178112
178116
178121
178131
178144
178157
178166
178192
178193
178198
178207
178221
178222
178229
178239
178242
178248
178258
178268
178275
178285
178319
178321
178376
178378
178379
178382
178389
178407
178411
178421
178423
178426
178429
178430
178436
178440
178443
178476
178485
178492
178494
178504
178505
178524
178526
178533
178538
178550
178553
178567
178598
178619
178620
178635
178637
178651
178666
178672
178674
178678
178682
178685
178695
178708
178749
178751
178754
178763
178770
178774
178785
178791
178793
178798
178811
178812
178821
178839
178847
178859
178865
178869
178870
178871
178872
178876
178895
178901
178924
178933
178951
178957
178958
178962
178966
178971
178986
178996
178998
179017
179019
179024
179025
179031
179034
179037
179060
179070
179085
179088
179122
179124
179154
179155
179159
179164
179170
179180
179201
179203
179209
179238
179240
179242
179278
179302
179318
179319
179326
179331
179405
179408
179418
179454
179460
179470
179476
179477
179479
179505
179519
179532
179544
179545
179550
179576
179580
179603
179610
179615
179618
179620
179633
179656
179672
179682
179687
179696
179698
179724
179725
179735
179758
179763
179770
179805
179811
179814
179823
179839
179876
179886
179896
179904
179906
179914
179915
179953
179965
179968
179983
179990
179997
180002
180020
180037
180040
180042
180046
180047
180048
180055
180067
180071
180086
180087
180098
180099
180119
180129
180139
180141
180160
180168
180169
180179
180186
180208
180220
180239
180272
180280
180285
180287
180307
180315
180324
180327
180333
180341
180350
180351
180397
180402
180410
180418
180436
180442
180445
180460
180462
180480
180483
180494
180503
180504
180505
180522
180540
180543
180549
180555
180559
180569
180571
180588
180606
180609
180623
180628
180641
180657
180667
180670
180672
180682
180765
180767
180771
180778
180794
180799
180806
180827
180831
180851
180853
180857
180908
180919
180935
180941
180967
180968
180978
180987
180989
180997
181009
181014
181017
181022
181034
181042
181043
181047
181054
181057
181064
181079
181098
181103
181104
181122
181125
181135
181136
181168
181176
181207
181216
181224
181260
181322
181343
181351
181356
181367
181371
181413
181422
181436
181443
181468
181474
181481
181489
181503
181509
181515
181519
181551
181554
181562
181564
181566
181584
181595
181612
181623
181625
181626
181628
181631
181658
181662
181680
181682
181697
181711
181719
181734
181756
181757
181766
181769
181771
181776
181782
181815
181829
181837
181846
181847
181849
181850
181861
181876
181885
181894
181896
181906
181920
181922
181929
181932
181934
181938
181939
181949
181953
181966
181975
181990
181992
181996
181997
182005
182019
182028
182032
182048
182054
182064
182082
182096
182104
182112
182121
182125
182126
182127
182129
182181
182201
182215
182217
182242
182257
182275
182281
182300
182316
182317
182335
182349
182367
182379
182384
182399
182406
182411
182436
182444
182454
182455
182468
182474
182496
182497
182500
182502
182505
182551
182575
182593
182602
182604
182607
182612
182624
182625
182639
182645
182658
182706
182723
182728
182746
182756
182765
182773
182782
182793
182799
182812
182824
182837
182852
182861
182863
182897
182902
182904
182905
182906
182937
182947
182960
182967
182969
182972
182974
182997
183022
183029
183031
183051
183068
183080
183107
183112
183113
183123
183131
183154
183171
183197
183201
183202
183210
183212
183219
183224
183231
183236
183237
183240
183244
183247
183260
183280
183292
183293
183321
183327
183360
183372
183386
183392
183395
183401
183402
183405
183413
183435
183448
183450
183453
183495
183504
183538
183539
183554
183562
183585
183602
183603
183626
183645
183646
183653
183658
183672
183690
183692
183719
183734
183740
183753
183756
183759
183762
183771
183785
183788
183790
183805
183806
183807
183809
183811
183827
183829
183835
183844
183847
183872
183890
183893
183910
183913
183938
183940
183953
183957
183971
183972
183980
183982
183990
184052
184101
184106
184109
184123
184138
184148
184155
184157
184161
184190
184202
184204
184211
184223
184230
184246
184275
184282
184320
184325
184329
184351
184371
184377
184379
184396
184397
184435
184443
184470
184477
184490
184504
184520
184523
184536
184543
184547
184550
184556
184568
184585
184589
184610
184614
184642
184654
184661
184669
184673
184679
184705
184707
184713
184718
184720
184731
184745
184761
184786
184794
184805
184806
184816
184834
184835
184843
184862
184866
184868
184877
184879
184903
184905
184914
184916
184930
184937
184940
184954
184980
184999
185006
185025
185051
185070
185079
185080
185082
185091
185097
185108
185117
185127
185153
185158
185166
185186
185200
185225
185243
185248
185258
185262
185265
185287
185290
185291
185296
185313
185314
185334
185351
185358
185371
185384
185447
185448
185452
185494
185502
185513
185514
185547
185549
185555
185558
185571
185587
185588
185591
185606
185632
185663
185666
185667
185681
185700
185716
185719
185760
185777
185792
185818
185819
185820
185832
185834
185844
185862
185866
185884
185888
185945
185954
185957
185961
185962
185963
185965
186018
186034
186035
186056
186075
186090
186099
186103
186109
186113
186148
186157
186171
186179
186181
186198
186201
186207
186233
186255
186265
186266
186268
186275
186280
186298
186315
186323
186336
186344
186361
186399
186405
186429
186438
186451
186461
186493
186500
186502
186508
186547
186550
186552
186558
186562
186578
186586
186587
186599
186605
186606
186611
186614
186615
186620
186646
186684
186685
186699
186703
186717
186719
186720
186729
186734
186737
186738
186753
186775
186784
186785
186791
186799
186827
186828
186844
186868
186880
186881
186888
186906
186941
186944
186952
186968
186997
186998
187007
187015
187042
187047
187063
187071
187090
187098
187099
187103
187111
187131
187134
187153
187156
187157
187181
187213
187230
187253
187262
187277
187280
187282
187283
187331
187334
187351
187354
187379
187396
187401
187420
187425
187432
187435
187442
187443
187454
187462
187465
187469
187473
187483
187488
187509
187511
187518
187519
187525
187537
187541
187557
187560
187563
187574
187576
187582
187609
187611
187616
187642
187650
187654
187659
187675
187683
187714
187720
187728
187729
187732
187735
187757
187765
187784
187785
187792
187803
187823
187833
187846
187866
187868
187869
187886
187897
187902
187914
187929
187939
187949
187972
187976
187978
187986
188009
188017
188026
188037
188058
188062
188079
188085
188087
188120
188130
188139
188140
188148
188154
188156
188165
188181
188184
188189
188215
188216
188229
188239
188252
188287
188310
188343
188350
188352
188375
188380
188388
188390
188405
188426
188443
188454
188457
188474
188479
188482
188505
188510
188511
188515
188518
188520
188529
188532
188545
188552
188556
188587
188589
188599
188606
188612
188621
188623
188630
188639
188646
188648
188657
188658
188660
188685
188693
188702
188722
188723
188725
188727
188762
188771
188787
188805
188815
188826
188831
188832
188847
188854
188858
188875
188889
188902
188949
188952
188955
188956
188965
188972
188973
188976
188987
188991
189005
189017
189026
189027
189038
189045
189063
189094
189101
189127
189129
189148
189153
189159
189171
189182
189183
189187
189212
189229
189239
189260
189274
189278
189285
189290
189296
189301
189307
189330
189345
189351
189353
189359
189361
189388
189390
189391
189394
189402
189404
189425
189459
189461
189469
189472
189491
189493
189509
189539
189542
189559
189561
189565
189568
189587
189605
189614
189617
189646
189648
189656
189660
189666
189670
189675
189684
189701
189735
189737
189741
189742
189750
189757
189767
189770
189778
189780
189785
189789
189794
189798
189810
189813
189836
189838
189839
189847
189850
189853
189864
189880
189882
189884
189888
189893
189903
189922
189924
189943
189982
189983
189993
189998
190000
190013
190016
190026
190035
190064
190075
190086
190087
190094
190125
190135
190141
190157
190172
190187
190199
190216
190229
190232
190234
190241
190277
190293
190297
190322
190353
190360
190363
190378
190381
190382
190387
190393
190415
190426
190440
190469
190475
190486
190513
190521
190547
190573
190579
190580
190603
190612
190645
190646
190659
190667
190670
190684
190718
190732
190751
190754
190764
190796
190798
190806
190826
190831
190839
190845
190859
190868
190872
190882
190884
190885
190886
190900
190905
190906
190915
190920
190927
190929
190939
190942
190945
190952
190957
190981
190991
190992
190994
190998
191005
191007
191014
191031
191042
191061
191068
191073
191093
191098
191101
191102
191120
191122
191136
191153
191156
191159
191173
191174
191175
191177
191190
191193
191197
191205
191212
191228
191230
191251
191261
191262
191283
191293
191298
191305
191310
191320
191321
191327
191329
191332
191340
191353
191363
191382
191403
191408
191417
191439
191457
191464
191473
191477
191511
191525
191540
191561
191570
191592
191609
191615
191616
191632
191641
191643
191666
191667
191669
191681
191685
191686
191706
191716
191717
191729
191731
191744
191770
191802
191828
191847
191850
191854
191856
191858
191879
191881
191900
191912
191913
191918
191945
191947
191957
191961
191962
191972
191978
191994
191997
192009
192023
192048
192077
192080
192090
192104
192111
192118
192120
192137
192145
192160
192164
192167
192171
192180
192196
192216
192234
192236
192256
192259
192269
192273
192277
192290
192295
192301
192307
192319
192320
192322
192335
192337
192345
192348
192357
192369
192381
192395
192400
192410
192436
192450
192454
192476
192497
192513
192524
192531
192532
192539
192560
192564
192566
192574
192575
192577
192579
192581
192585
192627
192631
192636
192642
192652
192655
192669
192681
192707
192720
192722
192723
192745
192747
192764
192774
192780
192793
192795
192796
192799
192804
192808
192812
192816
192818
192824
192825
192827
192831
192835
192843
192852
192862
192866
192867
192878
192885
192886
192891
192903
192920
192927
192931
192953
192954
192955
192958
192982
192999
193001
193011
193025
193044
193049
193051
193074
193077
193094
193105
193110
193129
193148
193166
193168
193171
193193
193213
193222
193240
193243
193246
193254
193287
193293
193299
193315
193318
193327
193333
193340
193342
193359
193373
193383
193384
193385
193398
193403
193410
193444
193451
193452
193454
193456
193465
193469
193471
193476
193479
193488
193506
193529
193540
193557
193560
193579
193594
193621
193623
193634
193640
193647
193649
193659
193663
193664
193677
193682
193692
193707
193710
193712
193732
193756
193760
193785
193808
193819
193821
193824
193829
193853
193855
193867
193878
193879
193892
193901
193902
193925
193931
193943
193947
193953
193954
193972
193977
194000
194027
194030
194045
194050
194054
194056
194089
194105
194108
194154
194194
194195
194210
194223
194231
194235
194247
194248
194262
194273
194289
194294
194299
194322
194346
194347
194361
194365
194413
194416
194419
194421
194437
194450
194456
194461
194462
194510
194518
194527
194529
194530
194531
194536
194540
194574
194576
194579
194581
194600
194605
194616
194620
194621
194638
194643
194663
194664
194669
194671
194676
194677
194679
194685
194694
194698
194700
194707
194722
194725
194726
194727
194738
194742
194744
194752
194758
194774
194788
194798
194806
194820
194850
194879
194897
194907
194908
194909
194921
194941
194943
194968
194969
194974
194975
195027
195058
195062
195064
195073
195081
195124
195155
195159
195163
195180
195188
195213
195225
195233
195265
195286
195288
195294
195296
195300
195303
195317
195343
195345
195351
195355
195368
195386
195390
195391
195394
195418
195420
195433
195456
195459
195463
195472
195484
195506
195509
195525
195529
195531
195578
195583
195599
195606
195649
195650
195671
195677
195682
195696
195701
195703
195712
195721
195725
195731
195735
195768
195772
195797
195806
195810
195816
195837
195840
195848
195852
195857
195861
195877
195880
195886
195903
195911
195916
195927
195942
195947
195951
195952
195969
195975
195982
195992
195998
196002
196016
196018
196021
196028
196035
196049
196061
196064
196065
196075
196090
196093
196096
196098
196099
196104
196112
196117
196131
196134
196138
196156
196170
196197
196205
196226
196229
196281
196283
196286
196290
196291
196307
196312
196320
196331
196332
196345
196346
196365
196368
196393
196406
196418
196480
196491
196497
196503
196510
196524
196525
196540
196558
196566
196610
196611
196619
196623
196663
196672
196675
196676
196688
196701
196711
196721
196723
196747
196748
196766
196776
196785
196817
196851
196870
196876
196888
196900
196912
196917
196922
196931
196944
196948
196977
196981
196985
196990
196998
197001
197005
197036
197063
197069
197091
197118
197120
197155
197167
197192
197201
197212
197213
197222
197225
197236
197237
197243
197246
197251
197257
197264
197265
197270
197273
197296
197300
197305
197307
197318
197322
197324
197329
197351
197368
197401
197427
197437
197482
197503
197507
197525
197540
197551
197568
197570
197573
197576
197577
197583
197585
197591
197593
197600
197605
197629
197632
197636
197651
197661
197662
197680
197690
197713
197718
197739
197754
197762
197785
197805
197807
197812
197827
197836
197850
197851
197853
197862
197863
197864
197877
197888
197897
197917
197950
197951
197959
197962
197980
198001
198017
198022
198027
198037
198057
198064
198072
198084
198085
198105
198108
198112
198121
198137
198162
198196
198202
198227
198240
198249
198255
198269
198323
198360
198363
198382
198383
198396
198404
198405
198421
198422
198424
198429
198434
198436
198437
198441
198451
198463
198473
198493
198508
198514
198516
198524
198532
198537
198545
198546
198547
198557
198558
198561
198565
198596
198600
198604
198607
198611
198620
198621
198631
198653
198682
198704
198705
198706
198721
198735
198751
198759
198762
198764
198785
198786
198788
198793
198798
198832
198836
198856
198881
198929
198930
198936
198969
198974
198978
198997
199011
199029
199072
199093
199112
199126
199136
199141
199150
199151
199152
199169
199188
199196
199212
199224
199234
199243
199244
199251
199268
199304
199318
199326
199331
199354
199363
199390
199410
199422
199427
199432
199458
199460
199469
199484
199485
199502
199527
199533
199534
199539
199570
199572
199577
199594
199598
199609
199618
199626
199639
199640
199653
199683
199695
199698
199715
199720
199721
199736
199739
199815
199822
199826
199827
199829
199835
199836
199841
199865
199888
199913
199919
199923
199930
199946
199956
199958
199960
199992
200003
200010
200033
200068
200103
200132
200133
200149
200155
200195
200200
200201
200205
200206
200213
200221
200263
200280
200287
200288
200289
200304
200305
200307
200311
200312
200315
200320
200327
200351
200374
200376
200386
200391
200404
200423
200442
200446
200455
200483
200494
200500
200503
200548
200550
200560
200597
200611
200612
200613
200615
200618
200619
200625
200653
200659
200665
200671
200678
200680
200718
200724
200727
200728
200749
200759
200764
200772
200777
200778
200782
200794
200796
200801
200812
200814
200817
200830
200837
200838
200840
200843
200857
200867
200896
200910
200946
200952
200971
200984
200988
201003
201010
201019
201030
201032
201039
201059
201062
201069
201073
201074
201078
201083
201104
201114
201115
201116
201134
201145
201173
201184
201188
201192
201209
201217
201236
201249
201252
201260
201261
201270
201271
201273
201278
201284
201291
201299
201308
201322
201342
201352
201368
201372
201375
201382
201394
201409
201419
201436
201457
201460
201488
201492
201508
201517
201519
201530
201554
201599
201623
201628
201630
201632
201640
201655
201662
201664
201675
201686
201698
201714
201722
201724
201726
201728
201736
201738
201748
201757
201770
201814
201835
201844
201862
201873
201886
201897
201907
201909
201930
201939
201949
201969
201972
201989
202004
202008
202010
202066
202070
202076
202086
202099
202112
202115
202128
202131
202137
202143
202146
202158
202186
202194
202209
202226
202241
202252
202264
202270
202272
202279
202326
202373
202388
202392
202400
202410
202414
202423
202447
202448
202465
202490
202500
202522
202523
202531
202545
202557
202567
202571
202583
202601
202672
202723
202740
202742
202747
202752
202755
202762
202764
202767
202774
202782
202784
202805
202806
202807
202818
202827
202829
202832
202850
202853
202855
202861
202881
202888
202891
202912
202914
202943
202960
202966
202970
202990
202991
203006
203021
203022
203034
203035
203040
203062
203076
203086
203098
203107
203108
203112
203124
203129
203132
203142
203143
203151
203160
203163
203177
203178
203179
203206
203208
203210
203216
203221
203229
203235
203236
203248
203249
203251
203252
203273
203302
203333
203344
203349
203359
203371
203380
203388
203400
203405
203433
203437
203440
203450
203452
203454
203458
203459
203472
203481
203486
203492
203497
203511
203521
203538
203541
203545
203551
203559
203577
203594
203599
203601
203602
203603
203611
203614
203615
203616
203618
203652
203655
203671
203680
203707
203710
203711
203730
203744
203748
203756
203765
203767
203768
203794
203798
203818
203822
203827
203836
203843
203847
203858
203859
203868
203870
203876
203881
203891
203926
203955
203969
203975
203976
203989
204014
204015
204024
204039
204041
204052
204074
204075
204085
204131
204174
204216
204225
204238
204241
204244
204273
204333
204339
204345
204375
204378
204379
204380
204382
204390
204407
204417
204420
204423
204431
204436
204461
204473
204505
204509
204514
204526
204529
204537
204542
204556
204606
204643
204657
204667
204671
204674
204680
204683
204705
204716
204732
204755
204759
204775
204777
204779
204785
204787
204792
204806
204825
204826
204833
204837
204855
204863
204888
204891
204897
204899
204919
204938
204940
204978
204987
204999
205000
205007
205010
205022
205023
205047
205055
205067
205069
205093
205114
205124
205125
205126
205152
205159
205181
205202
205217
205221
205234
205243
205250
205272
205279
205280
205283
205299
205304
205309
205313
205317
205334
205338
205354
205355
205356
205362
205367
205374
205380
205391
205424
205440
205443
205460
205461
205464
205477
205486
205520
205525
205543
205547
205559
205560
205572
205590
205595
205604
205607
205613
205620
205621
205634
205648
205650
205656
205668
205679
205681
205700
205724
205744
205756
205757
205762
205769
205781
205785
205790
205794
205808
205826
205845
205846
205848
205850
205851
205858
205898
205902
205904
205916
205918
205931
205934
205945
205947
205949
205960
205963
205964
205967
205981
205986
205996
206013
206017
206042
206048
206058
206062
206066
206077
206082
206102
206107
206109
206118
206121
206137
206155
206161
206192
206196
206198
206203
206211
206216
206225
206247
206274
206278
206279
206304
206318
206341
206349
206363
206384
206385
206394
206397
206398
206405
206410
206427
206429
206430
206434
206435
206451
206454
206469
206486
206492
206501
206528
206542
206548
206577
206583
206584
206597
206602
206606
206623
206627
206628
206636
206644
206656
206670
206685
206731
206749
206787
206791
206793
206801
206817
206830
206841
206844
206857
206861
206890
206893
206909
206912
206913
206926
206927
206934
206998
207005
207013
207026
207033
207043
207051
207058
207065
207074
207075
207077
207083
207089
207090
207097
207117
207142
207152
207171
207184
207215
207219
207234
207236
207250
207276
207282
207289
207313
207330
207331
207339
207354
207360
207378
207381
207385
207391
207424
207443
207447
207463
207467
207475
207479
207481
207496
207542
207543
207549
207554
207556
207573
207597
207622
207629
207640
207647
207654
207668
207686
207691
207698
207703
207715
207738
207739
207740
207749
207761
207764
207770
207775
207779
207782
207811
207815
207833
207857
207875
207880
207889
207915
207916
207932
207935
207941
207943
207959
207978
207992
207995
207998
208000
208020
208022
208057
208067
208071
208075
208086
208095
208121
208124
208137
208140
208144
208145
208146
208151
208172
208189
208196
208200
208201
208206
208220
208240
208243
208244
208250
208252
208261
208262
208263
208295
208304
208316
208327
208329
208333
208348
208357
208371
208372
208379
208386
208396
208413
208459
208469
208479
208506
208509
208511
208513
208535
208557
208594
208597
208605
208618
208621
208629
208633
208646
208714
208718
208723
208724
208727
208730
208752
208754
208773
208782
208805
208815
208820
208834
208838
208849
208850
208857
208868
208875
208880
208886
208894
208907
208910
208913
208915
208919
208927
208931
208945
208954
208961
208963
208967
208976
208978
208984
208994
209012
209016
209027
209036
209040
209046
209056
209066
209068
209073
209084
209089
209092
209106
209125
209126
209128
209132
209133
209139
209144
209166
209176
209178
209179
209185
209188
209200
209203
209232
209246
209266
209275
209287
209288
209292
209304
209320
209387
209394
209405
209409
209428
209460
209467
209491
209493
209494
209513
209531
209533
209534
209542
209555
209558
209590
209591
209603
209638
209643
209662
209667
209671
209681
209701
209704
209720
209731
209745
209746
209752
209787
209794
209802
209813
209816
209822
209842
209844
209851
209893
209906
209915
209918
209919
209923
209931
209941
209957
209971
209993
210010
210015
210024
210031
210041
210048
210052
210057
210063
210065
210071
210077
210079
210080
210086
210090
210097
210124
210136
210139
210187
210189
210193
210214
210249
210251
210252
210258
210266
210267
210271
210275
210279
210286
210322
210333
210344
210363
210368
210371
210378
210389
210401
210425
210434
210450
210451
210453
210472
210537
210542
210567
210568
210570
210584
210597
210604
210612
210635
210642
210658
210672
210680
210683
210686
210702
210710
210729
210731
210744
210751
210769
210773
210791
210809
210810
210812
210813
210839
210844
210847
210848
210856
210881
210884
210907
210951
210955
210956
210973
210983
210989
210997
211002
211027
211029
211030
211033
211034
211040
211048
211080
211085
211098
211110
211116
211138
211160
211161
211164
211178
211185
211190
211198
211201
211208
211254
211255
211265
211281
211299
211302
211303
211312
211322
211325
211336
211340
211346
211347
211350
211351
211381
211388
211397
211405
211406
211431
211433
211444
211445
211449
211457
211458
211478
211484
211486
211501
211520
211521
211529
211540
211546
211552
211557
211570
211573
211576
211586
211593
211600
211609
211613
211622
211631
211632
211641
211677
211678
211683
211684
211686
211703
211716
211725
211735
211737
211760
211771
211788
211806
211807
211810
211811
211823
211830
211850
211852
211863
211867
211868
211874
211877
211889
211892
211909
211913
211918
211919
211927
211935
211945
211948
211963
211968
211969
211978
211989
212011
212019
212023
212025
212027
212028
212047
212053
212063
212070
212082
212083
212088
212089
212091
212095
212118
212138
212187
212197
212199
212227
212229
212247
212248
212267
212268
212271
212276
212311
212321
212330
212331
212381
212382
212401
212429
212438
212450
212451
212479
212483
212508
212532
212566
212574
212575
212584
212589
212591
212602
212610
212628
212629
212633
212636
212641
212648
212649
212671
212679
212698
212712
212714
212733
212741
212757
212781
212782
212786
212787
212803
212814
212824
212834
212846
212856
212859
212866
212868
212877
212887
212893
212903
212914
212920
212934
212935
212963
212969
212970
212976
212998
213005
213009
213010
213020
213021
213032
213034
213036
213060
213069
213070
213090
213107
213113
213117
213125
213135
213141
213146
213148
213152
213158
213172
213174
213181
213203
213204
213214
213215
213219
213220
213241
213242
213260
213268
213273
213274
213282
213288
213305
213312
213314
213340
213342
213344
213349
213355
213357
213364
213366
213381
213389
213393
213408
213419
213423
213437
213448
213477
213506
213510
213527
213530
213532
213534
213539
213546
213552
213555
213557
213559
213570
213577
213591
213596
213602
213621
213623
213642
213646
213652
213669
213674
213694
213725
213740
213742
213753
213754
213780
213781
213819
213838
213854
213895
213897
213922
213936
213945
213970
213976
214008
214018
214022
214024
214028
214036
214040
214055
214059
214119
214137
214165
214174
214191
214213
214216
214232
214250
214252
214254
214265
214280
214300
214309
214326
214371
214373
214379
214385
214394
214419
214430
214445
214460
214464
214478
214481
214489
214507
214518
214523
214528
214569
214577
214587
214589
214618
214621
214634
214658
214699
214704
214705
214719
214725
214726
214733
214766
214777
214782
214792
214803
214811
214816
214821
214834
214848
214852
214856
214870
214873
214875
214876
214888
214899
214904
214924
214926
214932
214937
214943
214946
214972
214990
214995
214998
215003
215023
215026
215033
215070
215077
215092
215107
215113
215135
215149
215167
215174
215176
215196
215201
215215
215221
215222
215223
215224
215226
215227
215231
215242
215243
215249
215254
215288
215291
215298
215300
215315
215320
215330
215334
215341
215346
215380
215391
215398
215405
215407
215410
215421
215436
215443
215450
215457
215469
215480
215481
215488
215493
215502
215521
215522
215534
215546
215553
215555
215561
215564
215569
215582
215584
215586
215587
215612
215616
215626
215664
215677
215701
215706
215719
215746
215763
215776
215782
215795
215805
215819
215844
215847
215855
215858
215866
215873
215878
215881
215884
215889
215896
215907
215908
215913
215972
215987
215994
216003
216015
216026
216038
216042
216063
216075
216091
216098
216114
216116
216142
216158
216160
216191
216197
216221
216223
216226
216237
216241
216244
216278
216279
216314
216319
216322
216324
216357
216378
216391
216393
216432
216454
216455
216462
216470
216480
216502
216507
216517
216524
216531
216539
216556
216601
216613
216637
216649
216663
216665
216676
216682
216685
216694
216711
216716
216733
216740
216766
216772
216778
216794
216810
216817
216820
216822
216827
216840
216851
216856
216899
216905
216921
216925
216928
216930
216932
216952
216963
216980
216985
216987
216998
217034
217040
217045
217054
217068
217080
217090
217091
217094
217103
217108
217113
217118
217131
217135
217151
217186
217191
217197
217201
217221
217238
217240
217268
217276
217290
217293
217297
217302
217304
217322
217339
217341
217376
217395
217407
217433
217448
217454
217461
217463
217471
217486
217487
217494
217495
217496
217511
217519
217531
217574
217584
217591
217592
217596
217623
217636
217645
217653
217661
217671
217700
217707
217725
217726
217756
217766
217769
217779
217787
217793
217799
217811
217823
217832
217855
217856
217859
217864
217893
217895
217925
217928
217929
217938
217958
217974
217978
217991
218011
218033
218035
218037
218041
218055
218096
218114
218121
218145
218147
218155
218158
218173
218179
218223
218282
218283
218307
218312
218319
218334
218368
218389
218399
218405
218406
218446
218447
218467
218482
218503
218508
218513
218528
218539
218546
218556
218557
218569
218578
218580
218595
218599
218603
218606
218625
218628
218648
218649
218668
218701
218704
218715
218717
218734
218749
218760
218765
218774
218776
218802
218807
218809
218836
218840
218842
218846
218850
218862
218870
218875
218906
218917
218931
218941
218956
218964
218965
218985
218990
219025
219030
219037
219064
219094
219114
219121
219158
219169
219177
219179
219194
219196
219200
219217
219225
219228
219229
219248
219250
219254
219264
219268
219274
219294
219300
219303
219313
219327
219335
219348
219349
219355
219357
219361
219379
219385
219399
219407
219410
219413
219418
219423
219435
219443
219457
219462
219465
219467
219474
219486
219488
219489
219493
219523
219527
219535
219565
219590
219591
219624
219633
219653
219663
219679
219680
219735
219750
219752
219756
219763
219784
219791
219796
219802
219817
219861
219880
219905
219910
219921
219926
219935
219943
219946
219958
219963
219964
219966
219974
219978
220006
220031
220033
220062
220071
220072
220082
220089
220096
220113
220124
220135
220139
220148
220152
220156
220183
220189
220205
220218
220226
220232
220250
220284
220289
220317
220321
220347
220353
220366
220368
220372
220377
220399
220408
220417
220419
220428
220430
220449
220457
220471
220472
220483
220485
220486
220502
220504
220505
220518
220527
220529
220548
220564
220568
220571
220601
220605
220629
220630
220651
220654
220655
220665
220673
220686
220688
220736
220743
220751
220763
220777
220782
220790
220795
220799
220821
220823
220834
220835
220838
220842
220843
220850
220864
220894
220897
220912
220917
220922
220942
220951
220972
220989
221004
221012
221015
221038
221040
221053
221055
221057
221060
221111
221119
221156
221169
221184
221187
221189
221194
221200
221202
221212
221223
221241
221243
221246
221247
221252
221257
221311
221313
221322
221328
221330
221343
221360
221379
221394
221400
221416
221420
221422
221425
221446
221448
221459
221470
221474
221478
221487
221494
221509
221513
221532
221533
221542
221546
221565
221578
221587
221593
221614
221615
221618
221621
221654
221661
221665
221674
221684
221685
221691
221696
221701
221711
221717
221739
221743
221746
221748
221755
221763
221770
221771
221794
221803
221805
221814
221833
221842
221856
221859
221865
221874
221880
221883
221888
221889
221891
221895
221899
221937
221948
221949
221973
221985
221996
222003
222006
222027
222036
222037
222047
222056
222080
222083
222086
222101
222107
222113
222122
222140
222157
222172
222180
222191
222199
222209
222227
222240
222244
222251
222259
222262
222276
222280
222305
222309
222324
222344
222345
222346
222358
222367
222369
222371
222383
222394
222395
222397
222408
222411
222426
222427
222439
222441
222442
222444
222453
222472
222489
222506
222513
222527
222555
222587
222588
222599
222600
222603
222608
222629
222640
222654
222676
222686
222688
222694
222695
222703
222716
222726
222741
222751
222755
222758
222791
222829
222844
222857
222858
222871
222893
222913
222917
222921
222926
222948
222961
222970
222977
222983
222987
222994
223004
223007
223014
223035
223072
223078
223082
223084
223086
223089
223112
223119
223121
223127
223129
223146
223165
223184
223203
223216
223228
223283
223288
223293
223299
223315
223317
223319
223330
223348
223353
223366
223401
223404
223410
223415
223420
223432
223434
223442
223447
223450
223451
223454
223458
223461
223462
223476
223477
223499
223500
223511
223516
223573
223577
223580
223595
223599
223601
223612
223616
223621
223622
223636
223650
223660
223664
223670
223682
223684
223687
223701
223726
223741
223755
223761
223776
223790
223827
223831
223836
223844
223869
223870
223871
223875
223888
223902
223909
223914
223928
223929
223932
223992
223996
224005
224017
224034
224042
224045
224049
224052
224055
224056
224060
224079
224080
224081
224083
224109
224112
224128
224134
224136
224140
224178
224182
224190
224193
224197
224224
224230
224242
224243
224244
224246
224248
224260
224263
224272
224282
224285
224303
224304
224309
224336
224349
224367
224371
224379
224383
224388
224395
224396
224414
224420
224468
224470
224471
224476
224497
224499
224503
224508
224522
224524
224537
224541
224548
224592
224601
224674
224677
224688
224692
224695
224699
224701
224727
224733
224734
224735
224753
224776
224778
224781
224790
224794
224800
224805
224825
224830
224833
224838
224878
224891
224894
224895
224905
224908
224910
224926
224929
224938
224942
224958
224959
224961
224975
224989
225015
225040
225041
225044
225054
225060
225069
225070
225071
225087
225088
225104
225126
225138
225153
225160
225164
225174
225191
225210
225215
225228
225230
225241
225251
225253
225257
225265
225307
225313
225322
225325
225329
225330
225331
225343
225360
225363
225369
225372
225383
225392
225393
225398
225399
225403
225455
225458
225463
225468
225490
225508
225511
225516
225517
225519
225529
225530
225533
225557
225566
225567
225579
225587
225591
225598
225599
225608
225623
225634
225641
225645
225663
225667
225669
225682
225704
225713
225717
225719
225750
225755
225769
225787
225824
225828
225834
225859
225870
225878
225891
225925
225931
225959
225987
226011
226018
226046
226048
226053
226071
226075
226080
226091
226125
226136
226145
226148
226151
226175
226206
226224
226232
226243
226246
226247
226249
226258
226262
226263
226270
226294
226298
226300
226308
226324
226329
226343
226345
226348
226350
226354
226363
226373
226374
226378
226424
226442
226446
226455
226460
226461
226486
226501
226517
226527
226528
226539
226541
226544
226545
226559
226562
226577
226583
226594
226599
226611
226613
226617
226632
226648
226654
226658
226664
226679
226681
226691
226693
226695
226702
226705
226708
226712
226713
226716
226738
226751
226758
226812
226825
226840
226866
226872
226890
226897
226899
226913
226928
226939
226961
226966
226974
226976
226983
227003
227010
227035
227066
227069
227093
227103
227109
227127
227137
227184
227185
227186
227202
227205
227216
227231
227236
227242
227245
227248
227250
227269
227270
227325
227329
227363
227402
227422
227439
227441
227442
227453
227456
227474
227484
227485
227490
227495
227498
227502
227503
227508
227512
227517
227520
227547
227554
227558
227567
227568
227576
227577
227587
227598
227606
227616
227621
227635
227651
227667
227678
227683
227689
227713
227724
227734
227743
227769
227779
227802
227825
227828
227840
227843
227847
227866
227869
227883
227891
227897
227903
227915
227918
227939
227941
227946
227947
227948
227959
227969
227975
227976
227978
227982
228018
228029
228035
228043
228045
228074
228091
228098
228105
228119
228121
228123
228133
228156
228161
228163
228172
228175
228179
228181
228206
228211
228224
228226
228227
228234
228244
228246
228256
228260
228316
228318
228320
228326
228329
228330
228340
228373
228376
228380
228382
228388
228392
228398
228409
228413
228426
228434
228435
228442
228456
228460
228461
228463
228474
228505
228518
228519
228525
228527
228539
228565
228566
228572
228603
228627
228657
228659
228664
228669
228673
228677
228678
228681
228712
228714
228727
228732
228744
228758
228783
228784
228799
228817
228832
228844
228857
228876
228881
228884
228901
228915
228919
228953
228956
228965
228974
228984
228989
228992
228994
229002
229008
229010
229024
229033
229052
229058
229075
229078
229084
229088
229105
229114
229127
229133
229138
229142
229149
229155
229159
229171
229172
229180
229193
229228
229233
229236
229241
229301
229302
229315
229318
229327
229347
229356
229357
229378
229396
229398
229401
229407
229419
229422
229440
229449
229456
229463
229472
229474
229500
229507
229511
229525
229530
229539
229541
229544
229550
229559
229566
229569
229594
229603
229605
229615
229618
229630
229654
229658
229660
229666
229678
229680
229707
229724
229733
229774
229779
229787
229794
229821
229825
229827
229832
229852
229856
229866
229867
229875
229885
229896
229935
229936
229942
229947
229969
229975
229976
230005
230007
230020
230039
230044
230046
230048
230050
230057
230061
230078
230109
230117
230127
230135
230137
230152
230160
230164
230168
230169
230171
230178
230209
230214
230224
230227
230236
230238
230246
230263
230272
230275
230289
230291
230296
230302
230315
230321
230334
230336
230381
230393
230403
230417
230433
230436
230462
230484
230490
230503
230507
230516
230522
230545
230548
230554
230559
230567
230572
230578
230582
230601
230625
230627
230639
230644
230663
230680
230687
230700
230707
230708
230712
230735
230741
230745
230752
230763
230777
230817
230843
230844
230864
230879
230889
230892
230898
230900
230905
230934
230966
230968
230971
230972
230997
231012
231014
231017
231020
231029
231034
231035
231047
231049
231056
231062
231071
231099
231102
231103
231104
231109
231116
231119
231131
231134
231142
231162
231178
231194
231200
231206
231222
231253
231259
231267
231272
231282
231295
231310
231315
231320
231322
231337
231338
231351
231378
231381
231387
231392
231393
231395
231415
231422
231426
231448
231466
231492
231521
231524
231536
231538
231542
231572
231581
231593
231596
231601
231604
231605
231631
231637
231645
231657
231667
231671
231677
231679
231682
231684
231705
231712
231720
231748
231773
231778
231786
231801
231837
231838
231851
231852
231863
231868
231874
231881
231889
231902
231905
231907
231918
231932
231941
231963
231966
231978
231993
232001
232005
232011
232025
232031
232049
232051
232076
232086
232093
232094
232114
232116
232118
232123
232161
232165
232167
232181
232186
232219
232230
232245
232250
232254
232263
232277
232279
232280
232290
232302
232311
232322
232329
232337
232339
232341
232344
232358
232371
232375
232377
232379
232389
232394
232401
232410
232417
232420
232433
232434
232451
232463
232467
232484
232490
232524
232540
232543
232546
232548
232551
232617
232648
232656
232658
232663
232670
232673
232675
232689
232691
232701
232716
232718
232720
232723
232724
232746
232761
232770
232779
232781
232806
232809
232819
232822
232840
232862
232875
232886
232890
232906
232910
232936
232952
232957
232963
232969
232987
233004
233007
233064
233071
233104
233110
233121
233137
233141
233142
233143
233153
233169
233193
233201
233210
233218
233242
233245
233256
233263
233264
233272
233290
233292
233296
233319
233339
233341
233354
233357
233366
233369
233379
233384
233395
233401
233402
233404
233434
233435
233437
233439
233463
233471
233477
233497
233520
233537
233538
233539
233543
233574
233575
233578
233580
233609
233610
233615
233617
233623
233627
233630
233642
233647
233672
233690
233703
233706
233726
233737
233746
233748
233804
233808
233817
233843
233859
233863
233865
233873
233877
233878
233892
233900
233901
233902
233904
233925
233926
233935
233948
233954
233955
233956
233959
233970
233975
234006
234016
234023
234046
234083
234084
234088
234091
234118
234138
234161
234162
234175
234176
234197
234203
234207
234210
234211
234220
234236
234244
234247
234255
234285
234293
234296
234297
234316
234319
234378
234383
234395
234396
234422
234452
234457
234467
234475
234501
234515
234522
234527
234550
234569
234577
234599
234600
234612
234615
234616
234624
234649
234653
234655
234665
234666
234671
234685
234699
234700
234709
234717
234728
234748
234749
234755
234769
234781
234811
234834
234839
234847
234848
234900
234916
234929
234941
234948
234949
234956
234978
234981
234988
234993
235029
235034
235038
235043
235062
235063
235073
235090
235091
235110
235132
235147
235152
235168
235176
235177
235187
235189
235217
235233
235237
235259
235268
235269
235276
235281
235314
235316
235328
235358
235366
235388
235390
235394
235403
235409
235410
235429
235430
235437
235446
235464
235466
235469
235473
235479
235481
235489
235498
235499
235518
235529
235532
235537
235545
235547
235568
235579
235581
235582
235591
235602
235609
235624
235651
235652
235670
235683
235700
235713
235721
235722
235734
235741
235744
235760
235783
235792
235795
235799
235802
235809
235812
235813
235838
235840
235843
235862
235868
235870
235871
235876
235904
235905
235906
235912
235925
235945
235959
235967
235981
235991
235994
235996
236031
236048
236052
236057
236074
236075
236078
236080
236085
236093
236096
236111
236125
236126
236138
236142
236173
236176
236177
236184
236186
236198
236199
236211
236222
236228
236239
236243
236245
236262
236279
236288
236292
236294
236295
236314
236316
236332
236335
236336
236340
236346
236348
236349
236352
236354
236375
236381
236385
236388
236390
236397
236399
236406
236414
236422
236424
236438
236475
236484
236486
236515
236519
236556
236568
236571
236572
236580
236593
236596
236611
236623
236629
236632
236650
236661
236673
236698
236718
236740
236744
236759
236760
236767
236769
236772
236818
236843
236882
236897
236910
236919
236920
236936
236938
236955
236961
236963
236990
237000
237003
237004
237017
237031
237044
237077
237081
237085
237090
237091
237093
237129
237130
237137
237142
237143
237160
237162
237179
237184
237186
237188
237190
237192
237201
237203
237210
237214
237224
237233
237241
237245
237247
237262
237271
237279
237282
237284
237286
237309
237315
237327
237333
237337
237340
237355
237363
237372
237381
237385
237390
237394
237413
237418
237419
237425
237427
237443
237445
237453
237474
237477
237482
237510
237511
237513
237514
237515
237538
237542
237550
237560
237569
237587
237592
237611
237617
237632
237643
237655
237677
237684
237689
237697
237699
237701
237718
237726
237743
237762
237791
237798
237818
237825
237831
237833
237834
237841
237843
237850
237851
237859
237861
237872
237903
237912
237919
237923
237941
237944
237954
237968
237976
237988
237990
237996
238001
238003
238004
238005
238006
238007
238009
238022
238051
238068
238070
238073
238086
238095
238105
238114
238117
238138
238140
238152
238154
238171
238172
238178
238184
238189
238193
238196
238197
238198
238200
238201
238203
238212
238223
238227
238231
238238
238245
238256
238260
238286
238290
238299
238336
238347
238352
238361
238399
238402
238427
238428
238432
238448
238452
238453
238455
238505
238511
238535
238554
238591
238604
238605
238607
238615
238623
238630
238639
238641
238667
238675
238685
238687
238688
238709
238712
238713
238724
238729
238749
238768
238795
238808
238822
238827
238831
238857
238858
238860
238881
238887
238905
238915
238928
238933
238963
238968
238982
238994
239001
239007
239013
239016
239022
239040
239053
239089
239113
239114
239119
239120
239180
239190
239204
239205
239208
239241
239243
239244
239254
239263
239283
239307
239315
239323
239339
239365
239389
239396
239400
239417
239427
239436
239452
239457
239461
239464
239478
239499
239502
239504
239518
239520
239532
239536
239552
239558
239559
239565
239581
239591
239596
239600
239611
239613
239616
239634
239644
239671
239676
239693
239697
239726
239728
239736
239739
239745
239754
239757
239762
239769
239771
239784
239792
239793
239801
239803
239805
239831
239849
239853
239870
239882
239884
239885
239915
239917
239930
239936
239942
239953
239957
239984
240022
240046
240057
240069
240074
240093
240101
240112
240123
240129
240134
240194
240195
240198
240211
240225
240234
240240
240241
240243
240247
240263
240267
240278
240285
240288
240289
240298
240304
240321
240322
240331
240339
240344
240358
240378
240399
240405
240407
240423
240433
240448
240457
240466
240467
240478
240490
240500
240511
240586
240594
240596
240608
240615
240618
240632
240653
240661
240662
240682
240684
240691
240706
240709
240713
240755
240762
240813
240830
240832
240835
240836
240841
240867
240873
240902
240904
240944
240951
240952
240961
240965
240976
240992
241003
241025
241026
241027
241046
241073
241082
241100
241126
241148
241161
241196
241204
241208
241211
241214
241265
241271
241281
241283
241288
241292
241312
241324
241341
241342
241345
241347
241364
241369
241372
241390
241392
241402
241407
241408
241410
241422
241440
241458
241461
241483
241490
241491
241496
241522
241527
241530
241534
241541
241554
241557
241579
241591
241611
241643
241675
241761
241762
241767
241786
241790
241797
241803
241806
241809
241818
241820
241821
241823
241851
241886
241887
241904
241905
241911
241918
241919
241935
241945
241959
241974
241975
242002
242020
242047
242052
242061
242074
242076
242081
242083
242089
242090
242092
242104
242113
242116
242118
242120
242133
242142
242153
242163
242169
242187
242193
242194
242202
242203
242210
242213
242216
242218
242248
242261
242276
242278
242290
242296
242298
242303
242307
242325
242361
242376
242378
242387
242399
242403
242404
242405
242426
242431
242458
242467
242484
242501
242505
242506
242516
242526
242532
242537
242539
242541
242547
242549
242582
242583
242592
242597
242606
242607
242612
242618
242631
242642
242663
242677
242695
242696
242709
242717
242721
242731
242739
242745
242755
242771
242789
242823
242832
242847
242854
242860
242897
242900
242915
242931
242955
242964
242973
242979
242992
243000
243008
243016
243017
243018
243019
243021
243028
243029
243038
243045
243051
243066
243072
243120
243127
243135
243153
243156
243160
243173
243176
243187
243211
243214
243219
243231
243234
243251
243268
243280
243283
243288
243292
243296
243304
243309
243324
243327
243330
243354
243361
243373
243382
243416
243434
243443
243446
243472
243500
243504
243509
243518
243526
243527
243558
243564
243574
243580
243625
243629
243630
243637
243645
243660
243717
243725
243750
243782
243783
243787
243791
243792
243820
243824
243836
243846
243851
243873
243895
243907
243909
243910
243926
243927
243947
243959
243962
244000
244011
244014
244016
244022
244026
244049
244055
244065
244078
244088
244096
244104
244108
244122
244135
244141
244157
244179
244206
244209
244213
244222
244227
244231
244241
244267
244282
244291
244300
244326
244328
244334
244353
244361
244365
244367
244383
244385
244387
244406
244410
244416
244424
244428
244429
244451
244465
244471
244476
244478
244484
244520
244528
244530
244540
244557
244577
244582
244585
244589
244615
244646
244659
244666
244671
244675
244711
244713
244720
244734
244735
244762
244765
244782
244795
244804
244812
244816
244825
244846
244847
244857
244862
244870
244872
244875
244885
244894
244908
244928
244951
244978
244979
244986
244994
245002
245062
245096
245105
245116
245118
245202
245209
245235
245243
245265
245271
245272
245304
245314
245317
245326
245336
245337
245345
245351
245354
245356
245361
245367
245384
245392
245409
245417
245419
245441
245451
245483
245496
245503
245505
245517
245523
245530
245559
245560
245566
245577
245582
245590
245609
245631
245638
245654
245662
245676
245682
245683
245691
245697
245717
245729
245733
245746
245757
245760
245771
245780
245797
245802
245806
245810
245820
245839
245842
245846
245853
245857
245864
245873
245895
245932
245938
245953
245978
246012
246016
246026
246041
246044
246070
246081
246085
246087
246095
246104
246119
246139
246146
246156
246160
246161
246166
246181
246184
246218
246245
246246
246267
246275
246280
246285
246287
246298
246307
246311
246322
246328
246335
246339
246345
246358
246364
246366
246375
246376
246382
246390
246396
246411
246412
246417
246423
246434
246446
246453
246456
246470
246474
246489
246491
246496
246503
246528
246539
246549
246563
246592
246608
246625
246636
246639
246646
246656
246688
246700
246713
246716
246718
246725
246735
246736
246750
246761
246777
246787
246792
246794
246796
246797
246804
246831
246833
246846
246848
246852
246855
246869
246877
246879
246880
246909
246913
246920
246923
246924
246927
246959
246971
246976
246980
246982
246990
247006
247049
247050
247071
247072
247082
247106
247110
247114
247121
247124
247131
247134
247166
247177
247181
247199
247209
247214
247217
247224
247228
247263
247265
247269
247296
247311
247318
247319
247320
247338
247351
247360
247368
247404
247416
247422
247451
247459
247469
247475
247504
247508
247515
247521
247529
247545
247547
247553
247555
247604
247641
247660
247668
247680
247699
247706
247708
247712
247726
247744
247786
247789
247807
247818
247849
247858
247866
247871
247874
247884
247885
247893
247895
247906
247919
247929
247951
247971
247976
247977
248001
248002
248005
248012
248017
248018
248024
248029
248031
248033
248034
248052
248066
248104
248108
248116
248118
248132
248133
248141
248150
248169
248170
248194
248203
248204
248221
248226
248229
248236
248250
248251
248268
248280
248308
248315
248319
248324
248337
248355
248360
248389
248391
248402
248403
248409
248417
248419
248459
248461
248464
248471
248476
248481
248496
248518
248564
248565
248579
248580
248601
248603
248637
248640
248643
248649
248651
248666
248674
248694
248730
248733
248745
248753
248755
248769
248779
248809
248815
248818
248823
248830
248833
248834
248835
248836
248839
248850
248856
248862
248884
248910
248928
248932
248935
248945
248948
248952
248957
249049
249058
249073
249111
249120
249125
249128
249145
249151
249198
249200
249240
249259
249261
249264
249272
249287
249290
249306
249309
249336
249348
249362
249365
249372
249382
249384
249397
249400
249429
249430
249441
249445
249451
249455
249470
249529
249531
249536
249537
249538
249543
249549
249561
249611
249619
249620
249644
249659
249664
249666
249675
249676
249711
249770
249791
249804
249805
249810
249813
249817
249822
249839
249856
249861
249869
249882
249891
249905
249906
249922
249941
249947
249955
249958
249968
249974
249977
249988
250008
250026
250035
250043
250045
250054
250069
250079
250084
250103
250124
250129
250136
250156
250165
250192
250193
250195
250200
250204
250223
250225
250226
250232
250234
250239
250243
250249
250250
250261
250268
250278
250289
250292
250293
250350
250351
250352
250357
250367
250381
250385
250387
250395
250400
250401
250434
250451
250490
250516
250518
250526
250533
250556
250557
250569
250574
250577
250578
250579
250593
250597
250599
250607
250630
250639
250645
250649
250677
250698
250708
250711
250720
250735
250744
250771
250777
250778
250789
250800
250808
250809
250827
250834
250844
250849
250868
250877
250880
250881
250903
250909
250916
250920
250926
250949
250952
250955
250958
250990
250991
251009
251016
251026
251032
251033
251036
251049
251079
251082
251103
251107
251111
251113
251115
251121
251128
251135
251167
251168
251191
251205
251210
251219
251229
251230
251246
251249
251251
251256
251262
251264
251277
251283
251293
251311
251312
251314
251315
251318
251347
251358
251360
251365
251366
251368
251375
251408
251418
251425
251439
251442
251448
251453
251466
251474
251487
251493
251496
251502
251503
251509
251523
251524
251557
251563
251569
251576
251577
251578
251585
251589
251591
251600
251630
251646
251663
251696
251697
251700
251701
251723
251754
251772
251777
251789
251790
251793
251804
251818
251835
251842
251868
251869
251872
251882
251897
251899
251937
251938
251985
251988
252010
252025
252092
252113
252121
252132
252136
252139
252160
252178
252188
252193
252217
252244
252265
252272
252277
252283
252290
252311
252314
252340
252359
252373
252375
252384
252391
252407
252411
252413
252420
252439
252443
252448
252457
252492
252525
252544
252567
252581
252596
252599
252602
252604
252608
252611
252614
252646
252679
252691
252702
252724
252731
252736
252744
252749
252751
252759
252761
252768
252775
252779
252786
252787
252799
252801
252807
252811
252839
252850
252859
252863
252868
252894
252902
252905
252909
252918
252919
252925
252937
252943
252952
252962
252966
252990
252996
252998
253030
253054
253065
253086
253087
253094
253098
253109
253122
253131
253141
253143
253166
253170
253183
253196
253219
253221
253222
253233
253236
253238
253247
253250
253251
253261
253264
253265
253266
253281
253290
253323
253334
253335
253388
253389
253416
253417
253429
253430
253435
253442
253449
253464
253467
253480
253487
253492
253513
253515
253521
253522
253528
253532
253537
253550
253551
253577
253578
253580
253584
253600
253615
253656
253658
253674
253691
253710
253712
253715
253725
253733
253748
253763
253764
253777
253784
253789
253796
253805
253827
253828
253848
253860
253863
253866
253871
253873
253887
253890
253903
253904
253906
253907
253915
253937
253955
253956
253958
253959
253962
253970
253971
253975
253981
253992
254002
254003
254005
254007
254008
254028
254032
254042
254060
254071
254079
254082
254101
254124
254127
254131
254132
254134
254138
254139
254150
254176
254177
254179
254183
254191
254194
254198
254204
254218
254241
254242
254244
254250
254266
254267
254281
254290
254291
254292
254301
254304
254356
254357
254360
254362
254366
254387
254397
254410
254411
254414
254415
254420
254431
254432
254476
254481
254510
254520
254529
254536
254549
254562
254567
254577
254585
254615
254656
254658
254660
254666
254670
254678
254682
254692
254703
254706
254710
254714
254726
254743
254753
254775
254787
254795
254797
254800
254821
254822
254841
254850
254853
254856
254861
254884
254902
254911
254925
254938
254948
254968
254984
254989
254997
255003
255006
255010
255013
255016
255018
255026
255044
255045
255051
255056
255069
255088
255089
255093
255115
255123
255124
255137
255139
255155
255164
255176
255181
255186
255194
255203
255210
255216
255224
255226
255233
255258
255295
255317
255329
255330
255335
255362
255365
255374
255375
255392
255399
255402
255418
255420
255422
255453
255462
255480
255494
255495
255500
255519
255522
255524
255525
255532
255546
255554
255558
255568
255575
255576
255577
255598
255604
255610
255614
255622
255623
255634
255641
255660
255674
255682
255683
255684
255706
255713
255714
255728
255741
255746
255770
255786
255797
255800
255857
255859
255866
255889
255910
255925
255930
255937
255941
255969
255971
255978
255983
255988
255992
255998
255999
256013
256022
256028
256029
256037
256040
256061
256075
256082
256096
256098
256105
256107
256141
256151
256154
256155
256159
256177
256184
256189
256196
256214
256229
256230
256231
256276
256278
256284
256285
256290
256308
256316
256322
256334
256341
256353
256364
256366
256380
256384
256385
256400
256419
256431
256444
256447
256451
256455
256474
256475
256513
256533
256535
256539
256540
256546
256549
256564
256565
256589
256593
256603
256606
256607
256611
256613
256637
256643
256648
256659
256662
256664
256683
256690
256720
256731
256734
256741
256742
256755
256778
256785
256794
256806
256809
256819
256824
256833
256855
256869
256875
256877
256896
256897
256908
256921
256936
256938
256946
256950
256953
256965
256967
256981
257013
257021
257029
257034
257063
257065
257073
257090
257099
257105
257109
257117
257134
257149
257163
257164
257167
257176
257190
257196
257204
257231
257232
257255
257263
257301
257308
257311
257339
257350
257351
257353
257379
257387
257391
257414
257426
257434
257450
257451
257461
257489
257490
257497
257502
257513
257528
257575
257576
257588
257615
257617
257625
257628
257663
257666
257668
257669
257670
257674
257690
257711
257712
257713
257732
257752
257773
257782
257783
257786
257788
257807
257815
257817
257830
257835
257847
257858
257860
257867
257894
257908
257934
257945
257951
257955
257958
257959
257976
257993
258006
258017
258020
258026
258040
258043
258071
258077
258088
258093
258094
258095
258099
258101
258108
258110
258129
258134
258135
258155
258160
258165
258176
258182
258191
258205
258222
258226
258240
258248
258249
258264
258265
258270
258283
258288
258337
258352
258362
258364
258370
258381
258391
258396
258411
258414
258450
258460
258476
258478
258488
258499
258501
258517
258518
258520
258528
258538
258544
258552
258554
258555
258566
258571
258597
258611
258642
258644
258671
258676
258679
258688
258705
258710
258725
258727
258732
258738
258761
258765
258768
258769
258772
258774
258792
258794
258819
258823
258832
258834
258837
258853
258854
258856
258859
258865
258869
258882
258888
258927
258931
258956
258975
259000
259014
259022
259027
259040
259041
259060
259088
259104
259113
259115
259120
259137
259146
259149
259153
259170
259172
259187
259192
259198
259217
259228
259242
259243
259249
259277
259284
259288
259296
259297
259309
259337
259346
259348
259354
259359
259360
259366
259371
259374
259391
259394
259414
259417
259426
259431
259439
259443
259446
259477
259489
259491
259498
259526
259535
259543
259551
259572
259585
259591
259595
259629
259638
259652
259655
259666
259676
259715
259717
259719
259721
259743
259745
259753
259760
259766
259776
259798
259800
259809
259817
259833
259884
259886
259924
259945
259951
259964
259988
260010
260011
260024
260029
260034
260035
260040
260050
260056
260097
260101
260109
260111
260118
260129
260134
260135
260145
260175
260181
260195
260206
260223
260248
260285
260292
260293
260310
260311
260317
260320
260321
260336
260345
260347
260354
260360
260381
260393
260395
260398
260399
260400
260415
260418
260430
260439
260443
260448
260456
260464
260481
260482
260484
260491
260500
260501
260512
260513
260519
260564
260566
260576
260580
260604
260630
260651
260668
260679
260685
260696
260702
260716
260721
260740
260748
260772
260791
260794
260826
260827
260857
260871
260888
260893
260899
260906
260929
260932
260953
260955
260962
260970
260973
260977
260978
260982
260990
261003
261060
261066
261069
261071
261118
261139
261151
261172
261189
261196
261205
261235
261239
261240
261251
261256
261266
261271
261272
261280
261281
261283
261298
261316
261323
261326
261342
261349
261364
261381
261387
261414
261431
261432
261448
261458
261479
261481
261485
261496
261500
261503
261511
261521
261541
261560
261569
261575
261579
261585
261596
261605
261617
261630
261637
261664
261669
261673
261696
261710
261720
261729
261742
261750
261759
261765
261785
261789
261800
261829
261856
261863
261876
261885
261887
261893
261931
261942
261955
261977
262001
262009
262012
262013
262041
262049
262059
262086
262095
262098
262099
262116
262118
262124
262145
262171
262180
262191
262201
262204
262221
262238
262239
262260
262261
262273
262283
262285
262307
262308
262329
262336
262359
262393
262399
262407
262414
262415
262418
262442
262454
262463
262477
262492
262519
262528
262529
262538
262541
262544
262545
262552
262554
262561
262579
262588
262623
262662
262673
262683
262688
262704
262705
262707
262710
262715
262718
262724
262747
262752
262756
262777
262786
262845
262848
262862
262869
262893
262897
262901
262917
262925
262932
262937
262954
262956
262965
262976
262979
262997
263002
263006
263008
263028
263036
263039
263041
263042
263047
263098
263101
263111
263135
263138
263147
263192
263196
263204
263208
263212
263229
263231
263265
263274
263311
263320
263333
263358
263362
263377
263381
263383
263385
263388
263400
263406
263407
263418
263434
263446
263453
263456
263462
263467
263479
263482
263504
263516
263526
263574
263576
263582
263589
263599
263603
263609
263618
263639
263650
263651
263677
263685
263699
263703
263710
263714
263724
263727
263735
263744
263759
263760
263764
263767
263769
263770
263810
263826
263845
263859
263873
263875
263878
263883
263896
263901
263913
263924
263957
263968
263989
263993
263995
264005
264016
264018
264019
264020
264033
264058
264085
264092
264098
264127
264128
264158
264165
264169
264170
264179
264183
264193
264197
264214
264233
264236
264241
264244
264250
264296
264304
264309
264316
264320
264324
264337
264350
264358
264362
264363
264371
264377
264389
264395
264396
264434
264474
264495
264499
264511
264532
264539
264555
264581
264591
264598
264608
264618
264620
264636
264642
264676
264697
264699
264708
264709
264722
264723
264734
264735
264752
264758
264767
264781
264791
264804
264821
264828
264838
264846
264884
264885
264886
264888
264926
264930
264959
264969
264982
264987
265008
265014
265020
265023
265036
265037
265051
265070
265074
265076
265080
265084
265100
265106
265114
265134
265135
265139
265145
265150
265161
265167
265168
265173
265179
265184
265187
265196
265198
265207
265209
265211
265225
265235
265244
265253
265267
265273
265274
265279
265280
265292
265303
265315
265316
265327
265329
265330
265333
265344
265353
265355
265356
265366
265382
265398
265412
265432
265444
265446
265451
265453
265490
265503
265506
265513
265531
265532
265536
265553
265557
265573
265586
265589
265619
265622
265629
265631
265645
265663
265701
265709
265737
265745
265748
265773
265781
265796
265810
265814
265815
265819
265831
265833
265839
265843
265896
265908
265930
265933
265934
265957
265964
265967
265974
266010
266026
266030
266031
266032
266038
266043
266058
266069
266071
266083
266093
266103
266114
266131
266136
266153
266165
266168
266200
266209
266217
266240
266244
266273
266298
266299
266310
266311
266334
266336
266350
266369
266375
266386
266418
266422
266436
266441
266442
266455
266461
266469
266486
266503
266504
266517
266536
266556
266557
266569
266571
266618
266623
266631
266646
266652
266659
266676
266687
266689
266697
266715
266756
266777
266816
266820
266827
266833
266880
266898
266908
266912
266917
266961
266963
266968
266976
266990
267000
267014
267015
267022
267028
267055
267064
267068
267095
267105
267106
267111
267116
267126
267136
267146
267152
267174
267176
267199
267201
267203
267205
267210
267216
267217
267229
267260
267266
267284
267289
267311
267324
267329
267338
267348
267350
267353
267372
267388
267402
267422
