25
34
36
61
64
71
72
77
78
81
86
92
94
113
138
149
151
154
165
201
247
260
263
307
309
312
321
326
332
349
370
382
384
389
404
431
438
446
450
491
510
514
529
532
542
562
572
575
581
584
595
605
629
634
650
656
659
670
671
673
681
684
690
706
714
722
723
731
735
754
762
790
795
797
801
813
828
839
853
908
925
927
934
941
955
960
965
977
982
984
1014
1025
1036
1053
1059
1072
1085
1098
1102
1107
1111
1122
1139
1144
1145
1155
1166
1183
1204
1213
1216
1232
1238
1261
1264
1271
1282
1295
1306
1307
1308
1311
1315
1330
1332
1350
1355
1359
1360
1366
1375
1381
1390
1392
1401
1451
1455
1472
1488
1496
1497
1501
1507
1510
1527
1548
1569
1580
1586
1589
1596
1611
1622
1625
1674
1681
1688
1697
1706
1709
1712
1737
1764
1774
1777
1785
1786
1790
1792
1804
1810
1811
1813
1815
1837
1864
1875
1888
1895
1900
1906
1907
1912
1915
1924
1942
1943
1947
1958
1966
1997
1999
2001
2024
2055
2066
2068
2072
2083
2089
2093
2114
2135
2150
2178
2184
2197
2209
2211
2270
2276
2278
2280
2281
2283
2284
2296
2309
2342
2347
2349
2369
2374
2400
2402
2411
2429
2445
2466
2470
2471
2496
2531
2536
2543
2544
2555
2559
2560
2570
2575
2583
2602
2606
2608
2614
2618
2619
2624
2658
2664
2672
2686
2691
2693
2697
2703
2732
2754
2758
2770
2774
2833
2842
2849
2860
2892
2907
2951
2964
2982
2989
2992
2998
3000
3003
3008
3040
3076
3077
3124
3148
3160
3178
3220
3224
3234
3236
3249
3264
3270
3272
3293
3314
3321
3325
3348
3353
3361
3365
3389
3412
3432
3457
3464
3474
3478
3481
3493
3511
3514
3517
3521
3528
3535
3579
3602
3623
3628
3637
3671
3682
3685
3692
3729
3735
3745
3751
3789
3804
3812
3823
3827
3830
3862
3870
3897
3899
3911
3915
3917
3935
3941
3967
3995
3999
4020
4038
4042
4051
4057
4065
4068
4080
4129
4130
4131
4138
4139
4140
4172
4180
4201
4208
4219
4239
4244
4245
4259
4282
4289
4309
4318
4322
4331
4385
4394
4410
4424
4441
4442
4444
4462
4463
4471
4481
4489
4490
4502
4508
4517
4527
4535
4537
4549
4567
4574
4578
4579
4587
4595
4608
4616
4622
4624
4642
4662
4673
4702
4704
4705
4706
4714
4716
4719
4739
4741
4761
4796
4809
4823
4830
4843
4844
4859
4880
4885
4891
4903
4904
4920
4931
4947
4963
4968
4970
4971
4978
4993
5010
5011
5018
5021
5028
5073
5085
5086
5088
5094
5095
5099
5111
5115
5131
5140
5151
5152
5156
5165
5172
5174
5210
5244
5253
5256
5259
5260
5263
5288
5303
5312
5313
5324
5326
5335
5336
5339
5340
5344
5355
5359
5362
5376
5377
5396
5424
5425
5430
5435
5469
5471
5472
5483
5508
5522
5557
5559
5564
5574
5587
5589
5608
5620
5638
5641
5643
5649
5667
5678
5683
5684
5688
5692
5700
5715
5736
5740
5745
5756
5757
5785
5809
5823
5828
5830
5882
5883
5903
5906
5907
5913
5915
5917
5933
5946
5967
5991
6004
6026
6031
6051
6066
6075
6101
6107
6120
6140
6151
6155
6182
6200
6216
6233
6247
6263
6268
6287
6293
6318
6327
6332
6334
6336
6338
6339
6352
6358
6363
6364
6380
6409
6422
6426
6428
6432
6447
6451
6465
6481
6489
6491
6512
6517
6522
6539
6541
6560
6562
6578
6586
6590
6602
6603
6627
6632
6640
6647
6664
6709
6710
6715
6721
6725
6733
6744
6753
6764
6773
6777
6780
6790
6792
6800
6809
6811
6824
6842
6846
6862
6873
6920
6941
6945
6957
6964
6973
6981
6990
6996
6998
7028
7035
7040
7048
7090
7095
7103
7104
7116
7123
7124
7159
7179
7201
7205
7220
7224
7232
7247
7277
7318
7319
7357
7367
7396
7420
7424
7476
7489
7500
7517
7535
7539
7544
7583
7584
7592
7594
7603
7615
7616
7623
7625
7629
7650
7653
7669
7677
7685
7689
7697
7710
7721
7727
7735
7740
7746
7753
7757
7762
7772
7778
7781
7794
7796
7809
7819
7823
7827
7830
7838
7839
7852
7853
7855
7856
7890
7894
7921
7932
7934
7936
7945
7946
7953
7954
7988
7996
8006
8019
8024
8027
8053
8055
8058
8063
8064
8074
8081
8086
8093
8138
8152
8160
8193
8195
8228
8234
8245
8284
8285
8290
8294
8305
8311
8314
8320
8321
8339
8341
8356
8369
8383
8385
8405
8414
8422
8431
8432
8433
8436
8453
8468
8469
8471
8494
8519
8520
8536
8553
8559
8564
8571
8581
8587
8593
8595
8602
8639
8644
8649
8653
8657
8659
8691
8746
8747
8761
8772
8776
8785
8789
8794
8797
8813
8816
8821
8830
8834
8841
8846
8848
8856
8884
8892
8896
8909
8933
8936
8944
8968
8991
8998
8999
9017
9018
9025
9029
9038
9045
9057
9062
9064
9069
9113
9127
9148
9174
9176
9180
9185
9190
9195
9199
9202
9203
9211
9218
9248
9253
9296
9321
9322
9353
9372
9398
9413
9429
9446
9451
9452
9465
9469
9479
9488
9509
9539
9542
9556
9557
9599
9615
9620
9648
9651
9656
9658
9673
9677
9678
9695
9698
9708
9709
9723
9725
9735
9744
9745
9760
9763
9774
9789
9797
9809
9822
9833
9836
9845
9846
9851
9859
9866
9878
9885
9895
9929
9945
9951
9968
9975
9983
9988
9990
10037
10046
10058
10069
10082
10094
10108
10125
10161
10166
10175
10222
10229
10230
10232
10241
10243
10248
10275
10281
10303
10309
10327
10337
10343
10346
10358
10405
10407
10414
10420
10430
10434
10445
10466
10476
10484
10489
10498
10539
10540
10545
10546
10566
10581
10600
10614
10621
10627
10639
10646
10654
10655
10701
10702
10710
10711
10716
10719
10727
10732
10733
10735
10743
10769
10799
10831
10851
10867
10870
10871
10881
10890
10907
10909
10925
10948
10969
10991
11004
11010
11029
11065
11077
11091
11107
11146
11147
11158
11159
11168
11196
11205
11222
11227
11229
11231
11233
11238
11244
11256
11258
11265
11272
11288
11292
11297
11299
11302
11304
11324
11328
11332
11336
11349
11358
11398
11401
11403
11411
11420
11422
11426
11474
11475
11485
11495
11496
11497
11504
11506
11508
11519
11527
11544
11554
11576
11579
11591
11618
11619
11630
11635
11638
11643
11658
11661
11667
11673
11677
11682
11690
11694
11697
11701
11702
11707
11737
11754
11758
11766
11774
11791
11794
11801
11802
11818
11825
11831
11856
11948
11953
11968
11990
11996
12021
12034
12044
12057
12059
12069
12073
12096
12103
12107
12131
12145
12146
12155
12156
12169
12181
12182
12183
12213
12233
12251
12281
12284
12313
12321
12349
12372
12377
12379
12386
12407
12408
12416
12418
12429
12434
12440
12459
12460
12461
12463
12484
12488
12509
12522
12524
12544
12556
12567
12574
12597
12612
12614
12620
12626
12641
12647
12650
12661
12678
12690
12698
12701
12704
12711
12728
12735
12750
12756
12757
12766
12784
12786
12790
12797
12810
12825
12833
12838
12864
12873
12876
12884
12891
12892
12895
12916
12923
12933
12983
12986
12998
13000
13035
13040
13043
13045
13092
13106
13124
13129
13140
13143
13146
13150
13158
13160
13169
13172
13176
13188
13195
13215
13249
13252
13273
13274
13278
13279
13284
13285
13292
13294
13352
13355
13362
13364
13372
13397
13417
13452
13455
13468
13489
13492
13497
13506
13517
13528
13529
13540
13547
13556
13565
13568
13636
13650
13670
13720
13728
13731
13754
13763
13770
13800
13815
13835
13844
13856
13868
13874
13879
13893
13900
13908
13909
13912
13914
13916
13921
13922
13934
13949
13969
13983
13986
13988
13995
14008
14014
14025
14027
14034
14036
14049
14070
14073
14083
14089
14103
14113
14125
14128
14138
14159
14160
14180
14203
14209
14244
14253
14261
14269
14281
14283
14290
14307
14312
14319
14329
14335
14337
14359
14366
14375
14388
14402
14430
14453
14458
14468
14472
14475
14477
14483
14487
14488
14493
14502
14514
14533
14536
14546
14575
14622
14628
14630
14644
14653
14662
14676
14677
14686
14691
14698
14707
14709
14726
14730
14740
14748
14757
14759
14766
14768
14774
14783
14791
14795
14798
14801
14818
14819
14824
14850
14854
14855
14857
14862
14864
14873
14876
14886
14925
14954
14960
14969
14974
14986
14988
14998
15002
15008
15016
15036
15062
15069
15071
15073
15089
15096
15097
15107
15109
15110
15126
15151
15153
15156
15165
15174
15175
15179
15183
15185
15190
15193
15195
15198
15203
15219
15220
15239
15262
15269
15274
15307
15311
15318
15329
15347
15354
15355
15356
15366
15374
15379
15382
15388
15391
15392
15394
15399
15404
15427
15451
15472
15474
15485
15496
15514
15544
15546
15552
15569
15582
15586
15588
15610
15617
15618
15619
15621
15644
15652
15653
15678
15684
15693
15726
15733
15745
15750
15764
15772
15816
15823
15859
15870
15881
15885
15902
15906
15927
15930
15957
15976
16009
16015
16027
16037
16039
16040
16060
16063
16069
16071
16072
16080
16082
16089
16099
16111
16112
16113
16123
16125
16142
16166
16169
16173
16183
16195
16206
16210
16216
16233
16240
16243
16246
16251
16253
16254
16273
16295
16297
16314
16317
16322
16335
16343
16344
16346
16355
16359
16361
16362
16364
16383
16403
16408
16414
16418
16448
16458
16465
16468
16494
16496
16509
16513
16518
16520
16531
16543
16544
16567
16575
16605
16616
16653
16660
16669
16672
16677
16680
16693
16697
16706
16725
16735
16737
16741
16755
16757
16758
16764
16773
16805
16823
16825
16831
16837
16839
16857
16870
16902
16935
16957
16963
16964
16980
17004
17057
17068
17078
17100
17105
17106
17108
17153
17154
17166
17170
17174
17180
17181
17183
17192
17203
17206
17210
17216
17236
17301
17305
17308
17312
17316
17324
17325
17355
17376
17399
17401
17420
17432
17438
17450
17451
17463
17468
17472
17474
17476
17481
17483
17488
17520
17545
17551
17553
17566
17573
17578
17580
17582
17583
17585
17586
17587
17590
17591
17600
17604
17625
17629
17644
17651
17675
17676
17696
17703
17712
17751
17760
17761
17766
17791
17799
17810
17817
17839
17856
17870
17883
17890
17896
17935
17936
17938
17945
17946
17954
17985
17997
18006
18011
18029
18040
18041
18045
18048
18059
18078
18089
18090
18093
18155
18171
18194
18211
18217
18241
18244
18265
18270
18276
18292
18299
18309
18312
18327
18347
18359
18367
18373
18375
18377
18394
18395
18396
18401
18402
18418
18424
18425
18432
18441
18457
18460
18466
18467
18475
18482
18495
18496
18501
18507
18523
18529
18530
18542
18554
18557
18559
18564
18571
18584
18601
18605
18614
18627
18641
18647
18670
18683
18702
18723
18736
18751
18766
18773
18775
18780
18785
18792
18801
18802
18811
18816
18820
18839
18866
18873
18882
18885
18886
18908
18916
18917
18930
18934
18935
18938
18940
18942
18952
18956
18958
18983
18994
19002
19013
19022
19023
19037
19060
19062
19074
19085
19093
19096
19123
19131
19136
19145
19160
19181
19182
19185
19193
19198
19227
19239
19251
19318
19349
19351
19374
19387
19388
19391
19394
19397
19399
19428
19431
19435
19450
19463
19496
19499
19501
19528
19534
19542
19546
19552
19558
19581
19594
19609
19622
19642
19647
19665
19671
19675
19711
19714
19719
19737
19738
19753
19755
19756
19759
19767
19769
19789
19793
19794
19797
19836
19838
19863
19871
19899
19901
19906
19918
19929
19932
19941
19949
19955
19980
19987
19994
20012
20013
20018
20030
20044
20046
20052
20063
20104
20106
20119
20137
20145
20150
20156
20157
20164
20168
20171
20172
20184
20188
20213
20221
20253
20255
20261
20279
20281
20308
20311
20315
20355
20389
20392
20420
20421
20434
20436
20446
20450
20464
20489
20490
20509
20515
20517
20524
20527
20528
20540
20542
20549
20561
20563
20575
20583
20601
20611
20613
20619
20640
20644
20652
20677
20679
20692
20701
20707
20711
20747
20757
20768
20794
20809
20825
20839
20853
20860
20888
20903
20917
20962
20971
20983
20987
20997
21003
21070
21075
21084
21097
21136
21152
21166
21169
21175
21183
21190
21197
21204
21206
21212
21222
21235
21246
21248
21253
21254
21260
21268
21269
21276
21280
21281
21285
21286
21294
21313
21316
21320
21329
21330
21343
21345
21346
21353
21364
21374
21384
21387
21404
21417
21419
21423
21451
21462
21469
21504
21531
21534
21535
21544
21553
21566
21569
21587
21595
21599
21622
21647
21650
21674
21676
21685
21693
21698
21717
21718
21740
21747
21750
21751
21772
21780
21782
21786
21795
21796
21801
21826
21846
21868
21883
21895
21902
21915
21921
21926
21931
21945
21963
21969
21972
21981
22012
22026
22032
22044
22056
22059
22071
22080
22086
22097
22098
22116
22123
22135
22145
22150
22164
22166
22178
22180
22193
22194
22195
22223
22228
22229
22230
22256
22265
22270
22274
22275
22281
22291
22298
22326
22355
22360
22367
22374
22377
22409
22411
22415
22427
22429
22440
22447
22448
22451
22462
22478
22484
22487
22501
22518
22525
22526
22529
22530
22536
22545
22559
22564
22578
22582
22593
22612
22627
22650
22651
22658
22675
22689
22691
22708
22710
22740
22757
22777
22796
22806
22811
22815
22827
22837
22838
22863
22871
22879
22880
22890
22894
22899
22907
22924
22928
22953
22954
22958
22962
22974
22987
23000
23004
23014
23024
23025
23035
23038
23047
23050
23054
23066
23072
23089
23093
23094
23102
23107
23137
23140
23141
23158
23162
23163
23173
23177
23194
23218
23219
23245
23249
23253
23258
23270
23274
23283
23301
23311
23343
23357
23361
23363
23368
23378
23387
23392
23395
23400
23405
23413
23415
23419
23420
23433
23434
23440
23444
23447
23450
23451
23479
23487
23501
23511
23538
23539
23541
23544
23546
23551
23569
23570
23603
23630
23676
23679
23686
23695
23699
23703
23723
23735
23737
23743
23746
23759
23760
23779
23786
23793
23797
23803
23811
23812
23815
23874
23875
23906
23908
23914
23917
23919
23927
23935
23949
23951
23984
24002
24019
24026
24030
24032
24036
24038
24072
24076
24081
24086
24091
24100
24103
24105
24125
24129
24132
24136
24149
24159
24169
24175
24181
24193
24204
24221
24231
24238
24239
24242
24253
24257
24264
24266
24287
24290
24294
24299
24307
24310
24319
24351
24352
24368
24371
24372
24375
24401
24404
24414
24416
24428
24433
24434
24436
24446
24454
24457
24489
24497
24498
24515
24518
24520
24551
24552
24554
24563
24582
24600
24608
24621
24625
24637
24657
24664
24671
24674
24682
24689
24699
24702
24706
24712
24714
24716
24723
24725
24728
24730
24737
24762
24763
24778
24779
24788
24792
24794
24802
24813
24823
24842
24847
24849
24859
24877
24882
24912
24915
24922
24923
24932
24935
24939
24971
24974
24991
25003
25017
25041
25045
25058
25060
25100
25105
25110
25115
25121
25147
25148
25167
25172
25174
25192
25195
25230
25237
25241
25274
25283
25290
25322
25325
25343
25348
25352
25353
25374
25376
25385
25388
25401
25404
25411
25414
25423
25425
25455
25470
25485
25515
25516
25525
25533
25539
25541
25548
25549
25552
25559
25566
25576
25621
25625
25628
25643
25644
25649
25665
25675
25695
25697
25710
25722
25723
25727
25746
25765
25797
25833
25847
25855
25858
25870
25872
25886
25895
25907
25959
25974
25994
25996
25998
26007
26010
26028
26029
26031
26033
26035
26041
26052
26078
26094
26097
26101
26105
26108
26109
26111
26131
26132
26147
26152
26164
26165
26190
26221
26227
26233
26247
26260
26263
26281
26286
26292
26304
26319
26320
26321
26356
26359
26362
26365
26367
26375
26376
26383
26409
26424
26435
26436
26438
26466
26468
26483
26484
26488
26497
26498
26503
26504
26506
26517
26529
26536
26538
26552
26578
26625
26643
26645
26647
26662
26668
26685
26686
26699
26702
26713
26719
26725
26732
26733
26745
26746
26747
26775
26780
26800
26801
26818
26833
26836
26865
26884
26905
26913
26924
26928
26932
26936
26938
26939
26943
26944
26953
26958
26970
26978
26985
26988
26995
27002
27005
27006
27030
27037
27041
27055
27063
27070
27074
27104
27105
27135
27136
27142
27149
27157
27158
27159
27163
27175
27191
27207
27215
27216
27224
27237
27241
27252
27270
27276
27282
27298
27299
27302
27307
27319
27329
27334
27343
27348
27364
27365
27370
27374
27388
27394
27412
27424
27428
27451
27452
27466
27482
27490
27504
27511
27516
27524
27534
27539
27544
27550
27556
27562
27591
27593
27599
27616
27626
27627
27646
27660
27675
27679
27691
27704
27706
27711
27718
27725
27727
27739
27742
27750
27763
27764
27769
27776
27792
27793
27796
27810
27829
27844
27859
27862
27903
27907
27919
27921
27929
27937
27950
27974
27987
27989
28006
28007
28010
28011
28012
28019
28037
28038
28044
28058
28069
28093
28095
28097
28099
28103
28109
28116
28127
28131
28154
28167
28184
28186
28230
28231
28251
28253
28260
28261
28276
28281
28287
28288
28311
28318
28327
28336
28349
28356
28367
28385
28402
28415
28417
28429
28451
28462
28480
28494
28503
28517
28523
28547
28560
28576
28588
28595
28607
28614
28642
28645
28650
28658
28674
28690
28698
28728
28750
28764
28766
28782
28797
28823
28824
28832
28835
28853
28854
28868
28870
28875
28878
28914
28917
28930
28952
28955
28961
28974
28976
28981
28988
28995
29005
29014
29018
29023
29041
29085
29090
29091
29096
29104
29114
29116
29122
29140
29145
29146
29154
29161
29182
29189
29194
29214
29226
29241
29254
29268
29274
29285
29287
29288
29299
29322
29324
29327
29328
29342
29345
29402
29403
29405
29426
29432
29456
29457
29466
29482
29506
29508
29509
29525
29541
29564
29575
29579
29582
29586
29600
29601
29602
29607
29622
29626
29643
29647
29706
29711
29715
29716
29724
29732
29747
29751
29752
29755
29794
29801
29821
29839
29853
29855
29875
29879
29895
29914
29943
29956
29964
30001
30010
30038
30054
30065
30068
30073
30094
30100
30106
30109
30114
30120
30133
30139
30142
30148
30149
30151
30160
30175
30188
30193
30196
30203
30205
30235
30238
30261
30274
30281
30288
30289
30299
30303
30307
30334
30340
30349
30371
30389
30401
30409
30418
30429
30431
30434
30437
30449
30457
30471
30484
30486
30492
30508
30518
30519
30526
30535
30565
30585
30588
30589
30600
30608
30619
30630
30643
30646
30647
30665
30674
30681
30693
30722
30725
30739
30752
30764
30775
30779
30791
30803
30805
30815
30822
30836
30838
30841
30852
30855
30856
30871
30875
30879
30880
30888
30910
30911
30915
30944
30947
30960
30962
30997
31053
31073
31079
31080
31081
31082
31084
31090
31112
31135
31142
31161
31187
31188
31230
31258
31273
31282
31286
31305
31329
31332
31334
31335
31358
31367
31373
31375
31376
31382
31391
31393
31396
31411
31418
31434
31437
31443
31451
31454
31462
31465
31470
31497
31504
31514
31524
31537
31540
31561
31562
31578
31582
31588
31590
31602
31604
31612
31641
31642
31653
31678
31729
31733
31734
31738
31752
31765
31777
31788
31794
31798
31812
31822
31838
31851
31865
31867
31885
31888
31904
31912
31913
31926
31938
31941
31943
31946
31948
31994
32044
32059
32060
32061
32067
32068
32071
32074
32093
32095
32101
32105
32115
32116
32126
32134
32147
32149
32174
32176
32220
32248
32252
32270
32286
32289
32301
32308
32328
32339
32356
32367
32368
32390
32403
32405
32413
32442
32451
32455
32468
32471
32474
32491
32516
32522
32544
32562
32574
32575
32578
32579
32586
32598
32606
32607
32611
32626
32627
32629
32639
32646
32655
32665
32667
32675
32679
32681
32695
32699
32700
32711
32720
32722
32727
32738
32739
32757
32767
32787
32801
32804
32809
32816
32818
32829
32843
32845
32850
32868
32877
32893
32906
32918
32937
32957
32963
32967
32984
32985
32997
33009
33017
33047
33057
33068
33074
33091
33094
33105
33111
33126
33127
33130
33146
33167
33172
33175
33182
33186
33189
33204
33215
33240
33248
33249
33251
33272
33295
33297
33300
33303
33305
33323
33332
33352
33358
33359
33361
33386
33408
33413
33416
33425
33429
33431
33435
33445
33476
33481
33488
33500
33505
33517
33527
33555
33571
33581
33593
33601
33608
33612
33631
33633
33642
33643
33649
33656
33659
33667
33669
33687
33702
33718
33727
33733
33749
33751
33758
33761
33764
33773
33786
33799
33808
33813
33828
33841
33842
33866
33888
33891
33896
33898
33902
33912
33917
33918
33930
33938
33955
33959
33991
33995
33998
34013
34014
34039
34061
34063
34074
34097
34100
34138
34143
34170
34181
34207
34223
34235
34267
34277
34279
34283
34304
34354
34356
34377
34378
34381
34404
34409
34415
34423
34431
34437
34439
34454
34459
34469
34475
34478
34487
34491
34523
34525
34528
34531
34539
34557
34563
34570
34574
34608
34611
34624
34629
34632
34645
34683
34687
34785
34798
34800
34810
34815
34824
34825
34827
34828
34835
34842
34880
34882
34884
34909
34920
34938
34961
34971
34973
35004
35008
35018
35030
35031
35033
35045
35052
35093
35094
35097
35101
35102
35107
35110
35123
35126
35127
35128
35132
35145
35150
35156
35211
35216
35217
35228
35240
35241
35242
35245
35246
35265
35297
35299
35303
35322
35343
35352
35357
35358
35361
35367
35397
35400
35407
35413
35422
35423
35424
35446
35451
35456
35459
35475
35478
35482
35497
35514
35529
35532
35551
35552
35558
35573
35580
35613
35643
35663
35664
35668
35670
35696
35707
35712
35722
35725
35741
35769
35771
35774
35782
35783
35793
35796
35817
35818
35820
35843
35844
35864
35884
35916
35927
35945
35948
35951
35972
35979
35985
36017
36022
36028
36034
36041
36046
36048
36059
36068
36090
36091
36101
36110
36113
36123
36151
36157
36197
36204
36207
36221
36237
36244
36255
36260
36267
36273
36289
36292
36318
36322
36324
36326
36341
36345
36373
36382
36388
36406
36413
36417
36421
36423
36425
36448
36469
36473
36482
36488
36498
36503
36523
36533
36542
36544
36546
36548
36559
36567
36569
36589
36606
36618
36633
36639
36653
36663
36718
36728
36732
36739
36748
36755
36757
36764
36776
36783
36796
36797
36805
36823
36828
36850
36854
36880
36881
36903
36904
36908
36914
36915
36919
36925
36939
36950
36951
36953
36957
36961
36966
36968
36981
36996
37001
37009
37011
37012
37015
37024
37032
37039
37041
37062
37063
37074
37102
37104
37122
37123
37124
37125
37126
37140
37156
37157
37160
37165
37174
37177
37186
37193
37244
37286
37291
37326
37336
37343
37358
37377
37394
37401
37413
37429
37458
37468
37477
37478
37479
37492
37509
37514
37519
37552
37566
37567
37579
37582
37595
37620
37662
37666
37682
37695
37697
37702
37706
37708
37716
37719
37727
37748
37771
37779
37782
37789
37790
37823
37826
37830
37847
37854
37857
37862
37863
37905
37913
37925
37932
37953
37954
37955
37956
37973
37979
37999
38000
38022
38026
38027
38030
38033
38041
38046
38049
38053
38055
38116
38117
38122
38123
38134
38152
38177
38178
38196
38204
38213
38226
38232
38256
38257
38266
38286
38290
38301
38305
38310
38317
38353
38370
38380
38381
38402
38411
38417
38426
38440
38447
38474
38477
38487
38490
38513
38532
38552
38558
38561
38582
38589
38606
38614
38616
38622
38628
38652
38663
38668
38670
38682
38686
38691
38722
38729
38733
38745
38747
38751
38771
38786
38791
38801
38808
38838
38850
38862
38888
38890
38891
38896
38899
38900
38904
38905
38910
38920
38922
38923
38930
38934
38955
38965
39000
39004
39010
39016
39017
39022
39043
39064
39067
39078
39083
39099
39100
39138
39141
39155
39159
39171
39181
39185
39191
39195
39196
39201
39261
39272
39276
39277
39312
39315
39335
39359
39360
39371
39398
39403
39406
39434
39438
39446
39455
39456
39464
39467
39470
39475
39520
39528
39535
39538
39548
39553
39555
39556
39570
39580
39588
39598
39617
39619
39629
39632
39640
39664
39669
39680
39682
39685
39686
39698
39705
39733
39747
39754
39758
39764
39768
39779
39789
39791
39812
39846
39847
39881
39884
39888
39905
39913
39926
39958
39978
39993
39998
40065
40069
40071
40075
40085
40091
40094
40100
40103
40108
40111
40114
40129
40138
40144
40181
40201
40205
40219
40248
40251
40272
40274
40286
40298
40304
40305
40325
40334
40338
40342
40346
40348
40351
40359
40399
40407
40418
40419
40423
40428
40449
40455
40458
40466
40474
40478
40498
40500
40531
40534
40535
40569
40572
40580
40583
40593
40606
40625
40643
40658
40685
40689
40699
40708
40716
40730
40732
40735
40737
40746
40768
40783
40795
40796
40830
40838
40844
40846
40874
40878
40884
40890
40891
40893
40901
40902
40905
40906
40910
40912
40923
40930
40931
40934
40940
40954
40957
40961
40962
40966
40971
40995
41001
41005
41008
41022
41054
41056
41074
41079
41085
41094
41097
41103
41105
41116
41123
41132
41135
41138
41146
41152
41174
41183
41186
41226
41231
41251
41252
41272
41284
41288
41305
41319
41331
41340
41345
41356
41357
41366
41389
41392
41398
41404
41413
41433
41434
41437
41442
41453
41455
41458
41459
41489
41505
41528
41547
41549
41575
41577
41588
41597
41625
41630
41649
41658
41666
41669
41673
41688
41708
41710
41711
41730
41740
41742
41753
41756
41763
41770
41771
41772
41776
41781
41796
41802
41808
41831
41838
41840
41854
41887
41890
41895
41913
41918
41938
41939
41940
41950
41952
41959
41962
41984
41993
41995
41997
42010
42024
42042
42044
42050
42060
42085
42103
42105
42109
42156
42165
42169
42196
42209
42222
42245
42293
42297
42308
42312
42314
42321
42333
42336
42341
42347
42349
42355
42366
42371
42384
42385
42404
42407
42418
42427
42429
42439
42453
42458
42463
42469
42472
42479
42481
42493
42513
42516
42519
42529
42540
42570
42584
42591
42614
42619
42621
42634
42644
42680
42690
42696
42698
42700
42701
42704
42707
42725
42740
42741
42748
42750
42751
42760
42785
42799
42800
42804
42818
42819
42820
42844
42855
42858
42860
42862
42865
42867
42868
42870
42876
42919
42929
42947
42960
42967
42977
43001
43007
43011
43029
43033
43071
43077
43093
43099
43110
43150
43163
43171
43176
43190
43191
43203
43206
43220
43226
43227
43232
43248
43251
43256
43269
43270
43279
43306
43308
43333
43340
43350
43353
43371
43388
43392
43407
43411
43425
43431
43439
43444
43451
43455
43464
43479
43500
43506
43510
43511
43513
43543
43545
43558
43560
43566
43576
43580
43583
43606
43629
43645
43655
43692
43704
43724
43742
43773
43776
43780
43782
43809
43815
43829
43856
43872
43873
43883
43892
43894
43895
43917
43919
43921
43931
43933
43936
43960
43966
43971
43979
43998
44017
44039
44060
44079
44080
44093
44117
44123
44127
44129
44140
44147
44160
44178
44204
44209
44215
44227
44232
44240
44247
44277
44291
44298
44327
44332
44336
44337
44353
44358
44360
44389
44404
44414
44420
44425
44432
44436
44437
44454
44463
44471
44472
44474
44483
44491
44500
44509
44545
44583
44592
44594
44596
44600
44603
44606
44609
44616
44625
44637
44663
44672
44675
44679
44682
44704
44719
44729
44739
44741
44751
44763
44774
44788
44810
44813
44814
44840
44911
44913
44922
44923
44928
44937
44946
44953
44954
44958
44959
44962
44977
44995
44996
44998
45004
45007
45026
45031
45049
45058
45059
45063
45071
45084
45089
45101
45124
45128
45131
45138
45146
45148
45153
45165
45180
45193
45215
45226
45230
45237
45240
45247
45267
45270
45276
45281
45284
45292
45306
45325
45335
45343
45351
45359
45360
45361
45366
45374
45419
45422
45425
45437
45446
45468
45471
45475
45487
45490
45493
45524
45526
45528
45543
45552
45554
45573
45580
45593
45617
45621
45622
45624
45625
45628
45634
45653
45659
45668
45677
45680
45693
45701
45768
45770
45771
45785
45792
45808
45822
45828
45829
45836
45840
45842
45885
45922
45923
45926
45941
45942
45946
45949
45954
45974
45994
45999
46002
46003
46004
46009
46013
46014
46023
46024
46029
46038
46042
46056
46059
46065
46071
46078
46085
46090
46106
46112
46114
46118
46142
46146
46149
46152
46162
46168
46169
46170
46171
46189
46195
46207
46211
46223
46230
46242
46260
46265
46267
46298
46303
46306
46310
46315
46320
46322
46339
46349
46356
46359
46372
46373
46385
46422
46426
46429
46441
46447
46454
46460
46473
46492
46512
46524
46535
46537
46543
46544
46545
46563
46580
46592
46608
46612
46615
46660
46674
46676
46686
46725
46728
46729
46749
46753
46754
46760
46764
46786
46809
46813
46816
46848
46852
46883
46885
46893
46936
46940
46942
46978
46981
46990
46997
47001
47016
47020
47022
47054
47066
47074
47084
47093
47101
47105
47125
47151
47161
47164
47172
47175
47189
47198
47202
47203
47213
47229
47242
47249
47256
47260
47267
47281
47293
47294
47295
47315
47328
47346
47347
47372
47386
47388
47391
47405
47406
47407
47434
47451
47458
47467
47475
47481
47487
47489
47492
47502
47507
47509
47512
47515
47519
47526
47544
47545
47548
47554
47563
47599
47614
47617
47619
47621
47638
47639
47640
47643
47652
47659
47667
47684
47700
47725
47729
47734
47735
47737
47742
47743
47757
47767
47804
47833
47848
47877
47879
47893
47904
47905
47907
47935
47942
47944
47948
47949
47952
47953
47954
47972
47973
47974
47975
47983
47992
48001
48017
48032
48035
48063
48101
48126
48134
48139
48141
48150
48160
48162
48163
48165
48189
48194
48220
48226
48229
48252
48256
48257
48261
48263
48267
48270
48271
48285
48287
48288
48289
48304
48319
48334
48339
48354
48381
48384
48394
48398
48421
48428
48432
48441
48442
48451
48460
48474
48478
48489
48548
48558
48559
48572
48573
48595
48601
48616
48617
48632
48656
48661
48663
48664
48665
48670
48679
48680
48707
48711
48727
48733
48749
48753
48756
48759
48784
48794
48805
48824
48825
48848
48863
48867
48870
48882
48892
48893
48895
48908
48925
48934
48935
48937
48944
48974
48977
48993
49022
49024
49027
49037
49053
49065
49073
49080
49118
49120
49123
49135
49143
49175
49183
49199
49217
49234
49240
49248
49254
49257
49268
49275
49283
49286
49301
49309
49312
49315
49321
49338
49346
49348
49357
49369
49378
49382
49384
49402
49408
49424
49429
49434
49443
49458
49470
49478
49495
49508
49522
49542
49550
49551
49553
49554
49573
49581
49586
49591
49592
49603
49611
49643
49673
49713
49716
49718
49719
49720
49725
49738
49746
49758
49770
49782
49790
49796
49814
49841
49845
49851
49858
49866
49878
49884
49902
49904
49913
49933
49952
49977
49979
49987
49988
50018
50028
50031
50040
50046
50049
50056
50061
50098
50101
50105
50134
50158
50168
50178
50179
50183
50193
50219
50222
50242
50244
50256
50261
50263
50274
50276
50290
50321
50323
50340
50358
50404
50405
50409
50410
50412
50414
50429
50462
50463
50470
50480
50507
50511
50535
50536
50552
50553
50562
50563
50568
50583
50591
50597
50601
50602
50618
50658
50667
50686
50691
50695
50706
50725
50735
50736
50740
50750
50757
50760
50771
50772
50773
50790
50791
50806
50817
50837
50846
50849
50863
50868
50878
50883
50912
50913
50927
50939
50945
50972
50992
50994
50995
51012
51027
51041
51046
51047
51067
51076
51083
51110
51149
51156
51164
51175
51178
51197
51198
51200
51210
51268
51281
51285
51291
51296
51302
51342
51359
51369
51372
51379
51396
51453
51454
51465
51471
51473
51474
51478
51487
51493
51501
51504
51512
51525
51550
51571
51574
51587
51606
51618
51630
51631
51639
51642
51644
51680
51704
51706
51716
51717
51730
51748
51750
51763
51783
51791
51793
51799
51800
51808
51819
51835
51851
51862
51894
51898
51899
51908
51941
51946
51965
51982
51985
51989
51990
52003
52010
52012
52030
52035
52036
52037
52038
52044
52068
52073
52076
52086
52090
52091
52094
52109
52123
52128
52145
52151
52168
52179
52183
52192
52208
52222
52231
52248
52250
52256
52281
52284
52295
52299
52305
52320
52324
52341
52347
52357
52365
52382
52383
52384
52393
52394
52406
52433
52440
52442
52448
52484
52490
52494
52497
52498
52503
52523
52543
52563
52572
52582
52611
52628
52631
52648
52650
52669
52686
52693
52729
52747
52751
52756
52784
52819
52826
52843
52844
52847
52862
52873
52886
52901
52924
52938
52943
52948
52951
52956
52957
52974
52978
52983
52992
53004
53022
53037
53047
53064
53091
53113
53131
53136
53142
53143
53157
53170
53177
53178
53196
53208
53221
53232
53255
53275
53294
53301
53304
53317
53339
53374
53423
53425
53426
53436
53448
53451
53455
53458
53464
53474
53479
53532
53533
53539
53573
53587
53589
53591
53595
53597
53601
53608
53615
53632
53640
53641
53643
53644
53660
53662
53672
53684
53695
53696
53702
53712
53719
53720
53722
53731
53733
53740
53752
53755
53756
53778
53806
53823
53825
53840
53842
53875
53897
53898
53900
53913
53929
53931
53939
53957
53975
53977
53989
53999
54003
54009
54012
54013
54037
54038
54071
54082
54083
54111
54121
54124
54141
54149
54163
54171
54173
54182
54192
54205
54214
54228
54233
54260
54262
54273
54282
54294
54295
54308
54314
54323
54324
54327
54336
54341
54348
54351
54354
54363
54374
54375
54385
54386
54401
54427
54442
54448
54464
54479
54492
54515
54521
54532
54563
54572
54575
54594
54607
54614
54632
54642
54652
54664
54666
54678
54692
54717
54743
54744
54749
54755
54758
54764
54803
54804
54805
54806
54849
54850
54868
54869
54875
54889
54892
54893
54912
54918
54928
54938
54943
54949
54953
54957
54961
54962
54966
54974
54976
54989
54995
54996
55033
55039
55049
55050
55076
55085
55090
55092
55107
55119
55158
55199
55201
55202
55206
55221
55226
55232
55237
55276
55285
55288
55290
55296
55298
55301
55303
55317
55318
55344
55363
55373
55385
55388
55389
55398
55402
55412
55417
55419
55425
55434
55443
55445
55458
55460
55465
55468
55469
55484
55496
55512
55514
55517
55521
55539
55567
55569
55571
55575
55578
55580
55608
55613
55618
55627
55637
55642
55648
55652
55665
55681
55689
55690
55707
55712
55728
55735
55744
55747
55753
55788
55805
55809
55821
55823
55849
55859
55872
55873
55879
55882
55886
55891
55897
55902
55903
55915
55922
55937
55942
55947
55951
55966
55973
56005
56007
56023
56032
56033
56048
56049
56065
56104
56116
56118
56132
56134
56161
56181
56190
56201
56206
56226
56240
56262
56266
56283
56287
56289
56292
56293
56303
56306
56312
56313
56323
56327
56330
56332
56362
56364
56365
56398
56416
56432
56442
56456
56473
56486
56499
56506
56508
56519
56549
56550
56557
56566
56572
56585
56594
56599
56604
56605
56608
56615
56616
56641
56644
56650
56652
56656
56667
56715
56717
56725
56729
56733
56738
56753
56772
56784
56800
56828
56837
56848
56850
56859
56868
56875
56878
56885
56886
56892
56910
56928
56961
56963
56971
56972
56978
56980
56997
57016
57018
57050
57062
57068
57075
57088
57115
57138
57147
57157
57178
57199
57201
57217
57242
57250
57256
57274
57284
57298
57300
57313
57337
57339
57361
57362
57376
57395
57427
57466
57480
57481
57487
57491
57498
57500
57503
57523
57560
57579
57591
57614
57617
57639
57647
57660
57663
57673
57676
57684
57689
57697
57699
57702
57707
57719
57731
57739
57744
57745
57749
57750
57764
57770
57782
57794
57796
57830
57849
57859
57892
57895
57901
57903
57919
57930
57965
57977
57978
58008
58021
58041
58073
58075
58080
58099
58101
58102
58103
58105
58106
58107
58134
58153
58161
58167
58171
58172
58179
58231
58239
58241
58242
58248
58250
58267
58281
58283
58296
58306
58307
58315
58325
58338
58343
58349
58355
58385
58397
58403
58406
58407
58429
58435
58437
58448
58481
58482
58497
58517
58524
58531
58553
58554
58563
58572
58580
58597
58601
58609
58630
58633
58654
58660
58666
58674
58677
58681
58684
58694
58708
58713
58714
58726
58732
58733
58735
58736
58738
58753
58765
58766
58801
58815
58831
58834
58841
58868
58873
58880
58926
58951
58973
58979
58987
58997
59005
59024
59036
59046
59082
59084
59106
59110
59114
59116
59146
59151
59157
59165
59167
59179
59229
59231
59234
59237
59244
59267
59278
59282
59293
59319
59321
59351
59358
59361
59367
59382
59384
59385
59394
59399
59403
59451
59454
59462
59471
59475
59489
59494
59515
59542
59550
59552
59565
59571
59573
59581
59593
59596
59610
59618
59622
59632
59641
59654
59679
59683
59685
59691
59692
59693
59704
59735
59736
59738
59821
59843
59870
59874
59882
59892
59906
59910
59912
59921
59933
59943
59947
59953
59972
59985
59987
59993
59995
59996
59997
60005
60034
60040
60041
60043
60046
60054
60055
60060
60081
60117
60145
60155
60158
60167
60170
60180
60196
60269
60274
60285
60289
60305
60316
60320
60324
60328
60360
60362
60378
60387
60394
60400
60403
60425
60433
60437
60450
60452
60457
60458
60472
60480
60496
60513
60526
60532
60539
60567
60568
60572
60576
60593
60599
60600
60604
60624
60671
60678
60684
60685
60689
60690
60699
60710
60720
60774
60775
60778
60812
60820
60828
60858
60868
60873
60881
60890
60892
60903
60904
60915
60945
60952
60973
60979
60980
60986
61046
61048
61049
61052
61054
61133
61137
61138
61144
61147
61159
61182
61196
61201
61202
61203
61206
61217
61219
61225
61230
61237
61260
61288
61307
61308
61328
61338
61351
61354
61358
61372
61375
61377
61389
61395
61400
61403
61439
61452
61478
61488
61498
61502
61506
61510
61512
61524
61526
61535
61560
61567
61582
61585
61587
61598
61599
61601
61606
61626
61635
61648
61654
61672
61674
61676
61697
61698
61730
61732
61734
61740
61755
61758
61760
61761
61780
61809
61814
61819
61825
61826
61832
61834
61837
61843
61844
61850
61854
61865
61867
61877
61881
61892
61904
61919
61945
61949
61966
61982
62030
62031
62038
62048
62057
62067
62075
62127
62131
62132
62160
62173
62203
62204
62216
62226
62231
62233
62245
62257
62263
62272
62276
62279
62292
62295
62301
62307
62313
62324
62336
62337
62350
62351
62357
62392
62395
62397
62412
62420
62427
62440
62442
62446
62464
62468
62472
62477
62480
62481
62531
62557
62558
62574
62581
62589
62604
62608
62613
62619
62622
62648
62652
62662
62664
62689
62690
62691
62707
62710
62716
62743
62756
62766
62772
62778
62815
62850
62852
62864
62893
62896
62927
62929
62941
62943
62958
62964
62969
63017
63022
63035
63036
63043
63049
63050
63079
63109
63115
63119
63123
63140
63143
63166
63171
63182
63206
63209
63214
63217
63230
63238
63248
63252
63263
63270
63307
63320
63325
63330
63334
63337
63345
63347
63353
63365
63408
63409
63414
63418
63421
63426
63433
63476
63485
63486
63492
63498
63503
63540
63556
63558
63587
63588
63610
63626
63636
63644
63662
63668
63676
63681
63683
63691
63698
63703
63721
63745
63764
63777
63782
63812
63820
63828
63845
63856
63857
63860
63865
63866
63867
63874
63879
63881
63886
63888
63894
63900
63918
63938
63974
64001
64005
64008
64010
64024
64032
64036
64054
64070
64071
64079
64086
64093
64098
64111
64139
64148
64149
64170
64186
64190
64202
64218
64233
64236
64239
64244
64259
64263
64270
64283
64308
64310
64317
64341
64348
64350
64355
64356
64360
64389
64392
64411
64417
64423
64431
64454
64455
64463
64470
64481
64497
64520
64522
64551
64557
64562
64578
64588
64593
64602
64612
64626
64634
64635
64659
64681
64684
64694
64697
64708
64733
64744
64749
64750
64751
64765
64772
64794
64800
64802
64804
64816
64818
64823
64828
64836
64866
64870
64893
64899
64906
64908
64941
64948
64953
64954
65016
65025
65030
65043
65063
65072
65080
65087
65095
65098
65135
65144
65153
65156
65161
65162
65163
65166
65177
65179
65183
65189
65191
65197
65198
65206
65211
65213
65220
65245
65247
65252
65261
65262
65280
65292
65301
65325
65329
65336
65360
65371
65380
65400
65404
65407
65425
65426
65440
65447
65448
65463
65484
65488
65500
65504
65509
65516
65518
65523
65554
65562
65564
65566
65584
65586
65587
65588
65594
65601
65612
65616
65632
65643
65668
65685
65705
65716
65737
65753
65776
65816
65829
65831
65835
65836
65841
65859
65861
65869
65884
65891
65898
65900
65901
65916
65938
65943
65953
65955
65957
65961
65962
65965
65968
65971
65984
66003
66014
66028
66034
66041
66056
66066
66067
66082
66088
66096
66118
66121
66124
66126
66127
66129
66156
66166
66171
66182
66192
66209
66217
66230
66234
66236
66241
66246
66253
66266
66283
66292
66299
66316
66327
66337
66338
66345
66346
66347
66351
66366
66373
66376
66381
66443
66466
66487
66503
66505
66514
66516
66520
66539
66566
66574
66593
66628
66637
66642
66652
66662
66668
66676
66691
66695
66696
66707
66708
66727
66734
66746
66754
66755
66785
66789
66822
66825
66831
66839
66858
66859
66862
66866
66878
66881
66883
66890
66909
66929
66930
66943
66988
67046
67049
67053
67074
67077
67080
67099
67116
67117
67118
67143
67155
67163
67186
67191
67220
67236
67246
67259
67262
67269
67271
67320
67331
67344
67347
67355
67405
67407
67415
67438
67456
67482
67490
67496
67515
67527
67548
67565
67566
67572
67577
67580
67593
67598
67623
67631
67644
67663
67726
67729
67748
67749
67752
67761
67768
67771
67792
67798
67802
67837
67838
67847
67888
67906
67917
67935
67936
67941
67952
67961
67972
67974
67982
67985
67988
68021
68023
68028
68032
68047
68048
68049
68053
68063
68069
68075
68082
68084
68094
68121
68130
68139
68147
68149
68152
68153
68163
68176
68179
68183
68194
68212
68231
68235
68237
68242
68252
68283
68287
68290
68293
68295
68335
68344
68367
68377
68401
68403
68414
68422
68430
68439
68442
68445
68482
68518
68532
68565
68570
68572
68576
68581
68595
68597
68609
68620
68623
68625
68633
68636
68648
68654
68656
68657
68667
68685
68688
68697
68700
68701
68712
68713
68748
68751
68763
68764
68788
68789
68797
68801
68805
68812
68817
68826
68857
68860
68866
68895
68912
68947
68953
68956
68958
68987
68996
69003
69018
69029
69048
69051
69052
69081
69087
69117
69145
69148
69163
69167
69169
69182
69197
69200
69209
69214
69220
69226
69231
69242
69256
69257
69270
69283
69286
69308
69309
69311
69314
69320
69321
69325
69344
69346
69355
69364
69373
69383
69393
69401
69405
69410
69424
69426
69432
69458
69461
69488
69498
69500
69501
69510
69514
69523
69562
69569
69572
69576
69578
69579
69587
69599
69605
69616
69625
69653
69654
69675
69677
69693
69705
69729
69733
69745
69747
69758
69770
69777
69783
69798
69809
69816
69826
69839
69866
69878
69917
69929
69936
69952
69955
69968
69978
69979
69983
70059
70076
70087
70094
70097
70107
70156
70161
70164
70178
70197
70211
70213
70230
70236
70239
70251
70257
70261
70265
70269
70271
70282
70285
70288
70297
70307
70310
70322
70333
70339
70346
70356
70363
70380
70403
70408
70411
70415
70421
70441
70444
70470
70474
70479
70485
70487
70490
70491
70502
70508
70541
70558
70566
70600
70629
70642
70652
70659
70660
70687
70688
70702
70710
70714
70718
70724
70735
70740
70746
70755
70758
70787
70788
70794
70800
70804
70829
70854
70863
70868
70904
70910
70923
70931
70939
70952
70965
70983
70985
71005
71006
71016
71024
71038
71043
71044
71093
71099
71109
71126
71128
71155
71157
71214
71220
71221
71222
71223
71224
71229
71232
71244
71255
71264
71265
71271
71295
71310
71313
71322
71330
71344
71346
71347
71364
71376
71396
71407
71427
71434
71440
71441
71476
71502
71503
71507
71516
71526
71528
71550
71589
71599
71601
71603
71608
71621
71629
71631
71646
71651
71657
71664
71675
71684
71691
71713
71714
71718
71720
71726
71735
71749
71754
71759
71766
71792
71796
71811
71828
71845
71855
71879
71881
71907
71908
71911
71927
71936
71970
71972
71984
71989
72002
72007
72016
72023
72030
72091
72101
72110
72124
72126
72165
72187
72189
72203
72207
72216
72222
72233
72235
72237
72266
72284
72312
72373
72391
72396
72424
72429
72430
72435
72437
72453
72463
72466
72485
72495
72505
72509
72517
72518
72535
72538
72549
72551
72556
72564
72567
72580
72583
72592
72595
72602
72605
72606
72615
72626
72628
72629
72646
72664
72690
72704
72715
72716
72717
72731
72733
72740
72769
72788
72792
72793
72794
72800
72817
72850
72861
72866
72883
72887
72889
72892
72895
72899
72902
72905
72906
72909
72910
72923
72927
72947
72955
72961
72969
72975
72978
72984
72986
72988
72993
72995
72998
73000
73016
73019
73029
73035
73040
73061
73064
73066
73094
73109
73154
73162
73172
73180
73187
73189
73190
73192
73195
73197
73215
73244
73262
73264
73302
73348
73353
73361
73367
73374
73387
73413
73414
73418
73420
73434
73437
73442
73460
73461
73494
73496
73510
73511
73513
73549
73554
73567
73568
73584
73591
73610
73620
73626
73639
73648
73660
73661
73671
73685
73686
73688
73694
73720
73721
73724
73726
73730
73757
73774
73782
73783
73786
73790
73801
73814
73823
73824
73826
73835
73837
73843
73864
73898
73899
73906
73916
73922
73929
73936
73941
73966
73974
73997
73999
74002
74007
74032
74051
74060
74069
74080
74081
74082
74090
74099
74100
74110
74114
74127
74150
74156
74159
74179
74183
74201
74206
74211
74217
74223
74232
74273
74299
74302
74312
74316
74328
74336
74340
74345
74348
74354
74356
74357
74365
74386
74390
74415
74421
74428
74461
74515
74517
74533
74534
74549
74554
74555
74570
74574
74577
74590
74599
74601
74624
74630
74663
74739
74780
74788
74794
74827
74828
74838
74840
74861
74863
74875
74883
74885
74887
74894
74900
74901
74902
74913
74917
74923
74924
74927
74942
74945
74947
74959
74964
74975
74982
74990
74993
74997
75002
75027
75052
75061
75080
75084
75114
75131
75132
75170
75190
75199
75212
75213
75230
75243
75254
75256
75258
75270
75308
75309
75324
75325
75326
75331
75334
75339
75352
75359
75361
75362
75402
75451
75455
75458
75474
75477
75493
75496
75521
75522
75546
75548
75557
75558
75585
75603
75607
75608
75620
75621
75630
75637
75643
75668
75682
75691
75697
75698
75708
75726
75727
75735
75747
75778
75802
75818
75841
75846
75863
75866
75871
75882
75883
75898
75902
75906
75910
75924
75925
75927
75954
75963
75965
75971
75973
75999
76001
76005
76009
76014
76042
76079
76100
76103
76146
76150
76159
76160
76178
76187
76195
76207
76213
76244
76245
76246
76276
76295
76308
76313
76349
76364
76372
76401
76405
76406
76414
76430
76462
76476
76477
76487
76492
76493
76541
76578
76583
76589
76606
76608
76615
76627
76645
76652
76654
76676
76680
76681
76740
76742
76746
76753
76776
76784
76792
76802
76804
76816
76835
76841
76846
76847
76856
76877
76882
76899
76901
76912
76923
76934
76937
76970
76971
76978
76988
77012
77014
77018
77020
77025
77039
77055
77058
77067
77074
77100
77121
77136
77154
77155
77159
77174
77177
77185
77236
77260
77292
77297
77298
77308
77325
77332
77355
77375
77376
77377
77378
77380
77399
77408
77417
77429
77432
77455
77472
77481
77533
77542
77550
77556
77557
77563
77602
77603
77624
77639
77643
77649
77650
77662
77667
77680
77686
77697
77699
77709
77721
77750
77752
77785
77797
77805
77806
77814
77834
77841
77847
77854
77864
77870
77903
77912
77926
77928
77931
77936
77979
77981
77989
78000
78016
78030
78042
78053
78054
78058
78059
78062
78071
78075
78077
78079
78087
78089
78106
78137
78169
78196
78213
78221
78225
78253
78274
78290
78307
78314
78342
78354
78355
78358
78361
78372
78380
78394
78400
78407
78410
78413
78416
78425
78436
78447
78451
78457
78462
78466
78469
78482
78494
78509
78511
78517
78542
78548
78550
78553
78555
78572
78578
78590
78604
78614
78621
78640
78642
78650
78663
78667
78674
78681
78684
78689
78695
78716
78729
78737
78738
78760
78762
78770
78782
78797
78798
78800
78813
78825
78836
78859
78861
78864
78868
78880
78896
78909
78923
78925
78963
78977
78985
79058
79069
79077
79080
79083
79090
79104
79111
79116
79127
79143
79146
79154
79172
79191
79193
79212
79217
79224
79230
79236
79244
79247
79255
79258
79260
79262
79269
79286
79303
79305
79313
79322
79323
79333
79338
79345
79354
79355
79367
79394
79413
79441
79445
79456
79459
79486
79493
79498
79503
79506
79513
79517
79528
79554
79555
79563
79567
79603
79606
79610
79611
79616
79628
79645
79654
79667
79670
79684
79696
79710
79720
79722
79733
79762
79783
79792
79798
79806
79808
79822
79852
79853
79873
79883
79887
79893
79896
79957
79968
79986
80011
80016
80040
80043
80044
80052
80065
80067
80073
80082
80084
80085
80090
80091
80098
80105
80123
80140
80147
80159
80165
80168
80187
80200
80203
80207
80208
80215
80231
80234
80246
80271
80279
80293
80311
80319
80339
80341
80360
80363
80385
80389
80391
80394
80397
80401
80406
80408
80426
80433
80441
80445
80448
80472
80475
80480
80486
80495
80511
80518
80519
80520
80521
80526
80535
80543
80553
80554
80556
80562
80564
80566
80582
80590
80624
80665
80686
80708
80720
80738
80739
80742
80745
80749
80771
80789
80792
80798
80808
80818
80819
80821
80824
80826
80835
80842
80853
80864
80883
80892
80906
80911
80928
80941
80943
80948
80950
80952
80960
80980
81001
81009
81012
81017
81020
81031
81033
81043
81057
81064
81065
81074
81084
81099
81105
81107
81116
81117
81126
81143
81155
81166
81174
81177
81188
81200
81206
81211
81239
81259
81280
81283
81284
81294
81296
81311
81318
81322
81365
81374
81379
81398
81401
81406
81408
81416
81431
81434
81443
81461
81474
81476
81479
81481
81485
81508
81544
81567
81585
81587
81589
81593
81595
81602
81605
81620
81622
81639
81660
81676
81683
81686
81704
81707
81721
81735
81743
81748
81749
81768
81787
81799
81809
81810
81826
81838
81841
81842
81853
81855
81871
81894
81906
81915
81930
81964
81966
81967
81971
81994
81995
82005
82007
82039
82041
82053
82081
82084
82106
82118
82121
82124
82135
82140
82142
82143
82144
82147
82191
82198
82201
82216
82220
82242
82255
82275
82281
82300
82301
82304
82313
82324
82346
82350
82372
82381
82388
82405
82414
82418
82480
82484
82494
82495
82508
82513
82523
82542
82548
82585
82597
82600
82604
82622
82631
82666
82683
82704
82705
82716
82735
82737
82738
82744
82756
82766
82772
82775
82778
82779
82788
82796
82805
82822
82833
82834
82858
82873
82874
82879
82881
82894
82896
82901
82909
82929
82947
82957
82980
82990
83000
83005
83023
83029
83034
83058
83060
83085
83090
83093
83102
83125
83147
83148
83149
83151
83153
83155
83159
83174
83178
83190
83202
83204
83219
83252
83256
83260
83269
83271
83288
83323
83325
83328
83348
83352
83353
83368
83369
83382
83386
83393
83407
83427
83430
83448
83454
83456
83464
83468
83471
83482
83487
83507
83508
83516
83519
83527
83546
83548
83556
83566
83568
83580
83586
83587
83599
83605
83619
83626
83627
83632
83641
83642
83651
83654
83663
83669
83672
83690
83691
83716
83725
83730
83738
83753
83778
83783
83801
83804
83808
83809
83815
83818
83858
83862
83869
83878
83879
83884
83914
83931
83950
83964
83968
83972
83979
83987
83990
84002
84013
84015
84034
84038
84040
84046
84049
84061
84084
84089
84096
84103
84108
84114
84128
84131
84137
84147
84155
84157
84171
84174
84183
84187
84192
84193
84202
84211
84214
84221
84230
84243
84253
84259
84268
84276
84277
84278
84283
84313
84324
84339
84341
84356
84383
84386
84390
84403
84415
84422
84440
84449
84488
84489
84495
84499
84512
84529
84548
84551
84558
84561
84582
84591
84602
84603
84607
84609
84615
84625
84638
84648
84651
84653
84670
84677
84679
84689
84712
84724
84730
84731
84740
84744
84757
84758
84776
84784
84785
84800
84803
84819
84821
84829
84833
84839
84840
84843
84845
84851
84852
84853
84867
84875
84881
84884
84886
84901
84902
84938
84949
84956
84964
84981
85019
85028
85030
85031
85048
85053
85081
85084
85098
85110
85112
85122
85143
85154
85171
85173
85209
85211
85212
85213
85215
85218
85235
85236
85252
85254
85272
85281
85291
85302
85320
85326
85349
85372
85383
85397
85398
85400
85404
85407
85411
85413
85427
85446
85455
85459
85462
85475
85482
85491
85501
85515
85518
85564
85566
85579
85581
85589
85604
85610
85624
85644
85647
85657
85659
85666
85685
85728
85731
85744
85752
85759
85765
85774
85777
85782
85790
85798
85802
85816
85827
85836
85846
85847
85855
85856
85893
85902
85921
85939
85941
85945
85960
85962
85974
85981
85998
86017
86064
86072
86075
86094
86098
86107
86108
86117
86119
86137
86139
86140
86169
86189
86205
86208
86210
86213
86216
86217
86221
86226
86239
86248
86267
86282
86285
86292
86294
86344
86356
86366
86372
86378
86381
86393
86399
86407
86409
86412
86452
86459
86514
86524
86526
86530
86552
86556
86560
86564
86569
86576
86581
86584
86591
86596
86611
86620
86654
86668
86676
86677
86678
86686
86708
86715
86728
86745
86750
86754
86763
86770
86777
86790
86803
86811
86818
86823
86825
86831
86842
86852
86861
86869
86875
86907
86908
86916
86922
86924
86932
86934
86987
87007
87017
87018
87040
87064
87083
87090
87091
87096
87100
87101
87105
87110
87113
87115
87125
87126
87135
87146
87151
87177
87205
87210
87213
87214
87216
87219
87225
87227
87234
87235
87248
87249
87263
87264
87272
87282
87285
87286
87320
87322
87334
87338
87363
87378
87398
87443
87450
87504
87507
87509
87518
87522
87554
87555
87598
87602
87604
87607
87610
87612
87616
87629
87653
87655
87662
87671
87672
87680
87685
87697
87705
87726
87735
87737
87739
87743
87756
87761
87762
87767
87783
87792
87812
87847
87850
87862
87880
87891
87901
87928
87933
87977
87980
87986
87987
88025
88029
88034
88047
88048
88068
88080
88082
88097
88110
88116
88117
88123
88140
88146
88173
88176
88192
88208
88214
88241
88257
88267
88272
88287
88315
88324
88325
88330
88332
88374
88376
88377
88382
88388
88398
88401
88414
88425
88448
88449
88458
88470
88487
88499
88514
88527
88538
88540
88549
88567
88572
88582
88592
88603
88605
88606
88608
88609
88621
88635
88647
88653
88663
88669
88675
88697
88719
88720
88723
88726
88730
88744
88757
88759
88768
88770
88773
88780
88789
88802
88803
88835
88845
88860
88868
88870
88875
88914
88915
88917
88928
88929
88931
88956
88999
89005
89033
89044
89051
89052
89054
89087
89092
89093
89095
89101
89103
89115
89124
89126
89128
89132
89141
89147
89155
89166
89181
89187
89202
89207
89212
89221
89227
89230
89236
89238
89253
89259
89266
89288
89320
89322
89340
89350
89369
89384
89390
89407
89411
89425
89436
89446
89462
89468
89481
89515
89518
89521
89534
89535
89540
89552
89571
89598
89602
89616
89629
89651
89652
89654
89655
89694
89696
89703
89725
89734
89735
89741
89787
89788
89792
89813
89829
89834
89835
89848
89849
89877
89895
89902
89908
89912
89914
89915
89921
89931
89939
89947
89949
89955
89973
89978
89991
90024
90026
90051
90061
90067
90106
90137
90139
90140
90146
90151
90154
90169
90171
90192
90194
90201
90216
90218
90232
90238
90244
90245
90257
90258
90261
90274
90277
90278
90290
90293
90307
90311
90317
90322
90324
90331
90341
90343
90350
90352
90358
90359
90428
90433
90444
90464
90477
90479
90488
90516
90523
90526
90540
90566
90569
90570
90573
90582
90612
90628
90675
90676
90678
90679
90683
90712
90739
90777
90782
90791
90801
90810
90818
90820
90823
90827
90836
90843
90862
90867
90872
90888
90912
90914
90925
90959
90962
90964
90985
90994
91005
91006
91009
91023
91040
91041
91051
91055
91056
91057
91104
91118
91120
91123
91137
91149
91154
91159
