91160
91171
91172
91177
91188
91190
91195
91211
91234
91257
91262
91264
91275
91276
91279
91288
91289
91295
91310
91348
91360
91366
91371
91379
91387
91397
91408
91411
91436
91440
91451
91461
91465
91482
91487
91492
91508
91523
91541
91544
91550
91553
91558
91566
91576
91587
91595
91604
91638
91639
91642
91644
91656
91666
91697
91705
91707
91725
91728
91735
91743
91744
91747
91778
91780
91784
91795
91796
91797
91804
91808
91821
91837
91842
91852
91868
91869
91875
91886
91891
91917
91926
91935
91942
91952
91966
91979
91989
91996
91998
92006
92017
92032
92054
92060
92066
92088
92089
92092
92096
92122
92138
92170
92176
92183
92192
92197
92198
92206
92207
92213
92216
92218
92219
92221
92230
92247
92269
92274
92301
92315
92319
92323
92336
92340
92342
92344
92346
92353
92366
92380
92402
92411
92415
92420
92425
92444
92464
92480
92522
92549
92557
92559
92601
92627
92631
92639
92646
92649
92684
92685
92686
92691
92694
92696
92710
92711
92721
92729
92752
92753
92760
92799
92835
92840
92868
92881
92905
92909
92928
92942
92953
92957
92974
92975
92988
92990
93005
93007
93015
93030
93048
93070
93075
93078
93083
93098
93106
93114
93119
93127
93139
93141
93176
93191
93219
93232
93246
93247
93257
93262
93264
93267
93269
93274
93279
93280
93287
93288
93298
93327
93356
93378
93382
93384
93402
93424
93427
93428
93430
93441
93451
93465
93469
93472
93487
93496
93519
93531
93535
93554
93565
93579
93580
93581
93586
93587
93590
93597
93599
93600
93603
93612
93634
93641
93644
93655
93657
93666
93675
93677
93683
93712
93713
93720
93724
93732
93740
93743
93748
93756
93764
93778
93785
93786
93793
93795
93809
93816
93832
93836
93838
93864
93866
93875
93883
93885
93904
93916
93923
93953
93971
93992
93994
94000
94004
94005
94010
94011
94015
94026
94031
94045
94049
94059
94061
94069
94079
94084
94087
94097
94119
94120
94121
94124
94132
94145
94148
94150
94155
94163
94175
94179
94201
94210
94223
94245
94268
94293
94300
94307
94318
94323
94334
94340
94350
94351
94353
94381
94382
94388
94390
94392
94412
94420
94436
94439
94444
94453
94459
94485
94499
94502
94514
94518
94527
94535
94544
94548
94549
94550
94558
94569
94589
94593
94600
94608
94609
94625
94630
94632
94660
94664
94667
94674
94687
94701
94702
94704
94714
94716
94723
94753
94766
94769
94770
94807
94813
94817
94826
94828
94837
94841
94842
94863
94877
94884
94885
94890
94893
94920
94925
94949
94954
94971
94975
94978
94996
95018
95019
95020
95023
95032
95033
95044
95061
95079
95081
95085
95095
95096
95097
95099
95105
95111
95121
95124
95148
95159
95171
95178
95185
95202
95213
95241
95257
95258
95266
95267
95273
95278
95281
95292
95308
95321
95326
95337
95341
95381
95390
95397
95410
95418
95422
95430
95483
95486
95493
95501
95533
95562
95592
95611
95612
95622
95633
95667
95674
95676
95711
95726
95737
95744
95752
95774
95778
95789
95793
95809
95812
95850
95854
95864
95867
95872
95873
95877
95879
95880
95891
95892
95902
95915
95916
95924
95940
95944
95948
95950
95951
95953
95988
95989
95990
96016
96027
96030
96044
96046
96054
96056
96057
96067
96070
96073
96076
96082
96084
96091
96101
96105
96106
96130
96132
96161
96185
96189
96193
96208
96213
96222
96223
96244
96250
96254
96257
96260
96280
96294
96303
96304
96307
96311
96315
96328
96338
96339
96360
96368
96378
96414
96421
96435
96450
96461
96463
96466
96481
96497
96500
96512
96535
96538
96554
96557
96568
96572
96573
96582
96586
96589
96622
96628
96640
96643
96647
96653
96660
96664
96670
96685
96693
96712
96723
96726
96745
96746
96748
96763
96790
96808
96809
96820
96828
96845
96854
96859
96877
96881
96894
96897
96901
96958
96973
96984
96986
97010
97021
97023
97029
97032
97039
97049
97053
97056
97057
97065
97078
97094
97097
97099
97104
97165
97172
97180
97182
97191
97194
97200
97201
97217
97218
97238
97248
97250
97270
97272
97283
97311
97314
97321
97330
97346
97365
97367
97369
97371
97373
97376
97380
97396
97406
97411
97428
97431
97458
97492
97503
97504
97507
97519
97526
97529
97530
97534
97540
97543
97563
97569
97591
97596
97598
97613
97614
97632
97633
97643
97662
97672
97683
97685
97686
97705
97722
97724
97729
97733
97734
97747
97759
97779
97785
97795
97801
97818
97822
97825
97844
97849
97861
97862
97864
97871
97873
97878
97882
97890
97902
97913
97914
97916
97939
97951
97976
97982
97998
97999
98001
98002
98008
98013
98031
98044
98047
98064
98090
98098
98107
98116
98121
98127
98131
98137
98162
98179
98193
98210
98232
98233
98279
98290
98298
98325
98326
98345
98355
98361
98390
98395
98408
98413
98425
98447
98471
98478
98479
98494
98502
98503
98531
98543
98550
98560
98563
98564
98596
98616
98629
98639
98641
98642
98671
98689
98693
98694
98703
98707
98720
98733
98739
98746
98748
98752
98772
98800
98820
98830
98836
98841
98864
98882
98887
98892
98903
98915
98922
98937
98940
98949
98956
98969
98983
98987
98989
99004
99010
99030
99040
99041
99062
99063
99064
99070
99073
99077
99086
99094
99099
99104
99112
99129
99135
99139
99159
99162
99165
99170
99180
99184
99191
99211
99222
99229
99247
99265
99293
99297
99299
99303
99308
99311
99313
99314
99321
99336
99349
99363
99372
99382
99387
99393
99398
99402
99405
99415
99417
99421
99423
99424
99443
99466
99476
99498
99511
99519
99522
99536
99537
99539
99568
99597
99598
99599
99607
99619
99620
99629
99636
99642
99671
99676
99681
99701
99727
99728
99745
99751
99753
99754
99755
99785
99788
99790
99803
99808
99840
99844
99847
99851
99856
99888
99892
99893
99900
99902
99910
99922
99933
99941
99942
99956
99964
99968
99970
99981
99983
99995
99997
100012
100014
100020
100022
100034
100037
100050
100064
100078
100084
100095
100124
100128
100142
100157
100169
100177
100182
100202
100209
100222
100223
100226
100244
100271
100273
100282
100311
100316
100318
100319
100337
100345
100347
100371
100395
100396
100407
100413
100417
100439
100448
100449
100454
100468
100483
100486
100499
100503
100506
100516
100517
100519
100523
100530
100536
100560
100563
100564
100579
100586
100599
100603
100607
100627
100642
100647
100652
100658
100665
100667
100668
100669
100687
100689
100703
100722
100746
100757
100798
100817
100821
100827
100836
100855
100859
100865
100897
100901
100910
100912
100926
100958
100959
100964
100972
100985
101014
101033
101065
101069
101070
101073
101084
101091
101094
101100
101106
101115
101127
101132
101140
101155
101160
101190
101194
101195
101211
101215
101234
101239
101240
101241
101243
101245
101248
101252
101283
101292
101310
101315
101330
101348
101354
101362
101369
101390
101411
101418
101421
101426
101435
101450
101461
101467
101485
101497
101503
101510
101522
101530
101548
101552
101559
101560
101564
101571
101572
101573
101586
101594
101602
101630
101643
101646
101652
101675
101684
101686
101687
101690
101692
101697
101702
101713
101719
101720
101738
101742
101750
101753
101761
101766
101772
101781
101794
101806
101807
101814
101816
101826
101832
101839
101842
101863
101873
101874
101877
101882
101892
101895
101904
101931
101951
101960
101966
101968
101978
101989
102004
102010
102024
102029
102037
102066
102071
102073
102076
102080
102090
102111
102116
102118
102143
102144
102149
102163
102166
102168
102171
102175
102191
102200
102202
102205
102208
102220
102246
102252
102256
102278
102281
102288
102297
102300
102306
102307
102311
102315
102319
102320
102322
102333
102357
102377
102387
102420
102432
102445
102447
102451
102459
102460
102473
102506
102529
102540
102550
102576
102588
102599
102604
102610
102620
102630
102632
102634
102655
102662
102670
102684
102729
102734
102739
102754
102755
102757
102763
102765
102787
102793
102803
102811
102851
102862
102877
102879
102885
102899
102910
102930
102968
102974
102987
102989
103008
103042
103059
103083
103095
103098
103108
103119
103128
103137
103151
103158
103166
103219
103228
103234
103236
103252
103260
103261
103267
103274
103297
103318
103320
103331
103332
103335
103338
103341
103352
103355
103356
103361
103366
103380
103383
103390
103393
103401
103403
103414
103427
103428
103430
103435
103437
103447
103455
103465
103486
103498
103504
103510
103513
103528
103539
103549
103554
103556
103564
103566
103580
103581
103582
103583
103613
103642
103678
103687
103699
103720
103722
103737
103746
103758
103775
103778
103804
103817
103818
103819
103821
103839
103841
103843
103846
103861
103865
103877
103881
103890
103902
103929
103935
103940
103966
103969
103970
103973
104001
104006
104021
104023
104044
104046
104047
104051
104053
104067
104081
104099
104114
104124
104125
104126
104127
104130
104142
104146
104147
104172
104177
104188
104191
104211
104232
104249
104255
104270
104273
104282
104299
104304
104309
104310
104325
104328
104330
104337
104344
104365
104380
104384
104389
104395
104400
104408
104410
104416
104425
104432
104435
104444
104454
104466
104482
104485
104487
104502
104505
104509
104510
104541
104542
104543
104550
104556
104564
104565
104591
104594
104602
104610
104621
104631
104638
104661
104689
104696
104711
104739
104768
104788
104792
104800
104808
104811
104814
104817
104821
104825
104827
104842
104844
104846
104884
104891
104931
104935
104943
104953
104956
104974
104977
104999
105008
105021
105027
105030
105055
105096
105100
105108
105110
105113
105115
105134
105139
105152
105168
105184
105194
105200
105219
105228
105237
105246
105247
105252
105256
105257
105279
105280
105282
105293
105310
105318
105330
105358
105374
105396
105399
105402
105444
105452
105468
105469
105470
105473
105478
105504
105515
105516
105520
105531
105532
105561
105580
105582
105589
105590
105592
105594
105603
105605
105620
105640
105660
105666
105671
105679
105685
105688
105697
105714
105718
105719
105728
105733
105750
105756
105761
105762
105781
105784
105804
105817
105825
105830
105844
105853
105865
105881
105888
105899
105901
105909
105933
105936
105976
105987
106001
106010
106017
106023
106028
106029
106034
106043
106045
106047
106051
106072
106100
106104
106107
106119
106123
106143
106144
106145
106148
106151
106154
106168
106191
106194
106199
106210
106219
106229
106241
106269
106275
106287
106315
106326
106329
106346
106352
106363
106364
106371
106382
106383
106397
106401
106430
106435
106438
106440
106463
106471
106490
106498
106499
106504
106517
106521
106525
106545
106557
106567
106585
106586
106615
106621
106635
106636
106638
106639
106646
106652
106657
106660
106664
106671
106688
106704
106714
106748
106750
106754
106755
106756
106772
106774
106786
106788
106799
106813
106817
106820
106832
106834
106835
106836
106850
106851
106865
106874
106875
106878
106895
106902
106915
106917
106941
106964
106973
106978
106981
106993
106994
107013
107019
107035
107051
107052
107072
107097
107100
107109
107119
107129
107135
107144
107148
107157
107162
107168
107169
107188
107191
107197
107204
107212
107225
107249
107259
107277
107313
107331
107346
107362
107376
107384
107386
107424
107425
107436
107438
107443
107450
107482
107495
107501
107519
107527
107535
107565
107571
107584
107585
107593
107604
107607
107609
107610
107617
107619
107620
107623
107630
107633
107638
107658
107664
107683
107686
107716
107734
107735
107747
107753
107766
107767
107776
107782
107797
107836
107838
107846
107860
107862
107880
107884
107885
107886
107900
107903
107918
107935
107969
107970
107974
107975
107982
108000
108020
108045
108049
108081
108085
108091
108093
108100
108101
108113
108123
108124
108140
108144
108155
108164
108170
108200
108210
108217
108221
108228
108238
108242
108254
108259
108266
108274
108287
108293
108313
108314
108321
108355
108360
108365
108375
108395
108430
108442
108446
108451
108463
108470
108499
108500
108510
108514
108536
108540
108557
108575
108598
108602
108606
108617
108627
108639
108677
108688
108707
108708
108725
108739
108751
108769
108802
108819
108826
108836
108840
108841
108850
108859
108865
108871
108876
108892
108896
108897
108908
108914
108917
108920
108944
108964
108987
108991
109011
109042
109051
109061
109076
109077
109078
109095
109097
109102
109117
109119
109125
109139
109145
109151
109169
109174
109177
109190
109199
109208
109213
109219
109224
109232
109277
109290
109296
109314
109351
109355
109357
109363
109390
109393
109399
109409
109412
109417
109423
109424
109444
109450
109477
109487
109506
109509
109515
109521
109522
109553
109558
109560
109568
109572
109580
109586
109588
109591
109599
109602
109608
109629
109635
109638
109644
109663
109666
109699
109700
109708
109730
109746
109752
109761
109766
109774
109776
109778
109791
109816
109825
109835
109836
109837
109851
109863
109872
109895
109971
109986
110000
110001
110004
110006
110011
110013
110034
110046
110058
110060
110073
110089
110090
110092
110105
110111
110123
110136
110142
110155
110157
110159
110169
110174
110187
110204
110209
110217
110230
110233
110250
110252
110257
110259
110269
110287
110298
110308
110310
110324
110325
110327
110348
110353
110357
110371
110374
110381
110393
110395
110404
110417
110431
110442
110445
110459
110473
110480
110484
110490
110493
110507
110514
110516
110530
110536
110547
110573
110574
110581
110593
110596
110603
110606
110616
110634
110658
110665
110693
110704
110710
110718
110735
110748
110758
110776
110779
110790
110794
110797
110809
110811
110821
110829
110855
110869
110873
110901
110926
110928
110934
110937
110944
110962
110979
110982
110989
111000
111002
111010
111017
111043
111045
111048
111067
111103
111118
111124
111129
111131
111140
111141
111152
111157
111171
111188
111189
111195
111223
111235
111241
111245
111262
111277
111289
111290
111318
111319
111330
111348
111352
111361
111371
111385
111388
111400
111406
111422
111425
111432
111436
111455
111461
111472
111489
111500
111536
111543
111549
111573
111574
111583
111591
111598
111612
111635
111636
111648
111649
111671
111673
111714
111716
111727
111737
111742
111750
111754
111772
111777
111799
111807
111812
111813
111823
111824
111831
111842
111845
111853
111873
111911
111922
111930
111940
111955
111967
111972
111992
111998
112011
112029
112031
112044
112053
112059
112078
112096
112122
112166
112201
112207
112208
112226
112235
112250
112253
112286
112289
112359
112363
112377
112395
112409
112443
112478
112480
112482
112486
112495
112497
112525
112536
112553
112577
112604
112605
112619
112622
112639
112651
112656
112661
112671
112688
112692
112703
112706
112707
112708
112726
112734
112737
112757
112783
112785
112793
112801
112807
112811
112845
112849
112858
112865
112882
112896
112899
112938
112950
112951
112959
112978
112995
113009
113021
113032
113054
113089
113114
113123
113140
113142
113144
113147
113168
113199
113205
113211
113212
113216
113236
113244
113248
113252
113259
113276
113309
113310
113317
113325
113326
113328
113338
113360
113370
113385
113389
113391
113393
113402
113412
113436
113437
113442
113488
113495
113501
113504
113513
113521
113525
113537
113634
113649
113654
113660
113668
113700
113708
113716
113721
113725
113762
113772
113787
113806
113810
113812
113845
113851
113857
113861
113879
113880
113893
113898
113929
113949
113952
113956
113962
113970
113979
113985
113998
114024
114027
114028
114034
114045
114060
114061
114079
114080
114083
114093
114101
114126
114132
114149
114162
114169
114172
114177
114178
114185
114194
114203
114204
114219
114225
114226
114230
114240
114249
114258
114269
114274
114286
114288
114310
114316
114326
114338
114353
114363
114404
114408
114421
114424
114459
114468
114469
114500
114505
114510
114519
114535
114540
114559
114561
114598
114617
114624
114629
114630
114652
114653
114657
114674
114694
114697
114701
114705
114728
114729
114748
114749
114784
114786
114788
114801
114807
114815
114820
114828
114829
114843
114854
114863
114879
114880
114886
114894
114898
114917
114937
114947
114978
114979
115003
115005
115014
115018
115028
115037
115042
115056
115071
115080
115087
115089
115108
115117
115126
115132
115145
115151
115156
115157
115159
115169
115191
115218
115237
115250
115260
115270
115274
115282
115291
115296
115299
115305
115311
115316
115319
115328
115331
115345
115355
115356
115358
115359
115372
115374
115384
115400
115403
115404
115419
115421
115422
115442
115465
115475
115485
115505
115506
115511
115515
115518
115519
115536
115544
115566
115569
115574
115590
115599
115604
115616
115619
115633
115635
115638
115642
115643
115645
115649
115654
115660
115676
115692
115707
115719
115740
115741
115743
115763
115777
115804
115816
115845
115851
115864
115893
115902
115911
115939
115942
115950
115954
115959
115967
115970
115973
115992
116003
116010
116026
116031
116032
116043
116048
116064
116074
116078
116100
116123
116131
116134
116155
116166
116171
116174
116186
116196
116207
116223
116224
116229
116268
116270
116312
116334
116336
116339
116352
116356
116380
116393
116396
116397
116398
116402
116423
116431
116444
116462
116464
116497
116511
116512
116518
116526
116557
116570
116572
116579
116588
116601
116603
116607
116617
116622
116625
116650
116652
116675
116677
116694
116708
116717
116725
116731
116735
116737
116740
116746
116755
116771
116789
116792
116794
116803
116804
116824
116831
116832
116854
116872
116882
116886
116892
116900
116911
116927
116941
116944
116956
116963
116968
116988
117019
117034
117040
117059
117060
117071
117094
117105
117119
117121
117131
117139
117140
117146
117156
117157
117160
117178
117179
117182
117184
117192
117203
117205
117218
117229
117230
117283
117289
117300
117302
117304
117307
117317
117319
117321
117322
117325
117327
117336
117349
117360
117366
117371
117377
117379
117400
117403
117413
117417
117418
117428
117447
117454
117494
117507
117531
117536
117542
117555
117578
117585
117601
117608
117636
117637
117639
117664
117667
117677
117679
117684
117721
117722
117736
117743
117764
117768
117770
117784
117789
117796
117821
117838
117857
117871
117884
117897
117916
117922
117931
117935
117937
117941
117946
117958
117961
117965
117969
117987
117993
117998
118019
118022
118027
118060
118061
118081
118086
118087
118104
118110
118131
118140
118150
118158
118162
118167
118171
118186
118188
118195
118199
118207
118219
118234
118239
118242
118249
118272
118277
118278
118299
118302
118306
118329
118330
118342
118356
118369
118399
118404
118407
118413
118431
118436
118457
118459
118463
118471
118477
118478
118480
118543
118550
118572
118581
118605
118612
118627
118642
118644
118673
118674
118680
118682
118683
118703
118723
118724
118726
118730
118736
118745
118748
118762
118764
118771
118777
118780
118783
118785
118787
118794
118806
118848
118862
118866
118870
118889
118904
118909
118925
118934
118936
118950
118957
118964
118968
118974
118976
118989
118994
118997
119002
119006
119016
119021
119023
119027
119034
119036
119101
119114
119115
119118
119124
119139
119141
119145
119195
119207
119214
119225
119244
119247
119248
119267
119276
119283
119290
119294
119297
119304
119333
119337
119353
119358
119361
119370
119379
119418
119419
119423
119428
119438
119443
119444
119449
119458
119488
119492
119494
119495
119505
119523
119525
119529
119534
119535
119536
119540
119543
119550
119551
119552
119555
119560
119561
119562
119571
119573
119594
119596
119600
119614
119621
119636
119647
119666
119669
119678
119686
119693
119695
119706
119718
119743
119751
119760
119761
119765
119766
119776
119787
119798
119799
119815
119822
119834
119837
119849
119860
119882
119884
119909
119916
119922
119923
119962
119966
119974
119979
119994
120006
120032
120044
120052
120059
120060
120077
120088
120103
120108
120118
120120
120127
120145
120147
120159
120178
120179
120181
120210
120224
120230
120241
120247
120274
120276
120320
120329
120333
120335
120360
120375
120376
120385
120399
120416
120431
120447
120462
120466
120491
120499
120511
120520
120524
120529
120537
120541
120585
120595
120613
120643
120644
120645
120655
120666
120670
120674
120676
120697
120703
120706
120721
120734
120737
120743
120744
120778
120780
120790
120811
120819
120827
120836
120846
120882
120887
120907
120939
120952
120971
120994
121000
121032
121040
121052
121056
121068
121088
121107
121110
121142
121167
121168
121172
121184
121211
121219
121226
121241
121249
121255
121263
121318
121322
121333
121340
121344
121356
121361
121363
121365
121366
121372
121393
121441
121452
121453
121454
121493
121521
121526
121530
121555
121556
121557
121560
121565
121575
121589
121598
121599
121601
121610
121618
121619
121622
121644
121647
121649
121651
121659
121661
121666
121678
121682
121690
121706
121709
121718
121720
121749
121754
121762
121769
121778
121792
121795
121841
121852
121857
121901
121903
121920
121931
121938
121943
121951
121952
121954
121965
121977
121997
122017
122028
122064
122093
122097
122105
122108
122117
122118
122123
122137
122142
122144
122147
122159
122163
122182
122188
122189
122207
122216
122231
122235
122238
122250
122255
122263
122264
122267
122277
122306
122350
122357
122360
122362
122382
122394
122403
122411
122419
122421
122436
122438
122453
122459
122460
122469
122480
122493
122511
122527
122537
122539
122551
122560
122563
122573
122583
122605
122631
122639
122667
122682
122688
122694
122704
122709
122724
122731
122752
122782
122786
122798
122811
122818
122844
122854
122857
122863
122867
122874
122896
122899
122908
122913
122916
122936
122937
122945
122947
122948
122952
122955
122959
122973
122983
123013
123023
123028
123036
123041
123055
123067
123099
123117
123127
123147
123155
123166
123172
123175
123177
123184
123188
123190
123201
123214
123229
123247
123260
123269
123273
123286
123298
123306
123310
123312
123330
123336
123351
123366
123371
123378
123389
123411
123413
123421
123424
123445
123453
123456
123457
123473
123509
123512
123523
123532
123539
123568
123579
123582
123612
123620
123643
123646
123647
123692
123697
123699
123721
123722
123731
123739
123749
123751
123757
123762
123765
123770
123776
123777
123788
123799
123800
123824
123831
123837
123841
123848
123851
123855
123901
123907
123914
123920
123921
123923
123935
123938
123944
123968
123975
123995
124030
124033
124052
124055
124067
124101
124117
124132
124141
124142
124169
124182
124188
124190
124197
124202
124230
124240
124280
124291
124306
124311
124316
124325
124331
124347
124349
124360
124364
124365
124367
124394
124397
124408
124419
124456
124471
124473
124501
124509
124516
124525
124569
124577
124578
124580
124591
124593
124606
124609
124615
124622
124643
124652
124663
124694
124703
124709
124711
124715
124718
124723
124728
124731
124732
124734
124736
124737
124739
124751
124764
124780
124786
124795
124800
124804
124805
124811
124824
124827
124829
124835
124836
124840
124841
124850
124859
124874
124880
124889
124893
124899
124907
124914
124924
124926
124931
124955
124992
125009
125015
125036
125038
125042
125056
125077
125091
125098
125109
125117
125118
125120
125125
125168
125180
125193
125213
125218
125227
125230
125244
125247
125252
125259
125262
125263
125266
125273
125275
125298
125313
125317
125321
125335
125341
125348
125350
125352
125353
125365
125374
125380
125390
125429
125432
125452
125464
125466
125468
125473
125494
125499
125512
125541
125548
125550
125555
125575
125585
125586
125603
125616
125639
125658
125662
125667
125672
125687
125693
125711
125718
125720
125724
125725
125729
125735
125746
125761
125769
125773
125774
125785
125817
125821
125845
125848
125859
125860
125872
125898
125908
125910
125919
125920
125928
125955
125995
125998
126014
126018
126020
126021
126024
126027
126028
126067
126070
126073
126075
126096
126104
126120
126126
126127
126129
126135
126144
126161
126180
126182
126200
126204
126210
126230
126235
126238
126239
126246
126255
126263
126264
126281
126282
126311
126317
126319
126347
126355
126375
126381
126389
126408
126409
126413
126432
126437
126447
126483
126486
126489
126494
126497
126513
126514
126534
126536
126537
126552
126554
126590
126595
126601
126608
126612
126625
126628
126642
126647
126653
126674
126681
126685
126686
126687
126696
126699
126707
126714
126728
126743
126748
126755
126770
126794
126798
126803
126810
126816
126817
126826
126869
126870
126907
126909
126910
126931
126936
126943
126950
126959
126964
126972
126973
126992
126994
127006
127007
127028
127037
127042
127054
127056
127072
127073
127076
127078
127084
127093
127096
127098
127100
127103
127104
127110
127115
127122
127167
127168
127202
127235
127256
127268
127282
127286
127296
127298
127301
127304
127306
127309
127316
127324
127339
127342
127353
127360
127377
127381
127388
127393
127400
127405
127407
127418
127424
127441
127450
127467
127491
127499
127527
127531
127540
127543
127550
127553
127555
127558
127559
127586
127588
127603
127615
127619
127620
127622
127629
127632
127644
127647
127648
127654
127680
127681
127699
127710
127718
127729
127743
127744
127750
127799
127802
127809
127834
127839
127841
127843
127855
127863
127866
127882
127892
127893
127899
127921
127932
127937
127976
127980
127986
127991
128008
128012
128013
128015
128020
128022
128027
128072
128074
128076
128102
128113
128116
128117
128121
128127
128135
128136
128137
128152
128154
128166
128167
128170
128175
128181
128203
128211
128222
128245
128248
128256
128258
128275
128277
128281
128282
128290
128297
128299
128311
128312
128327
128337
128346
128351
128369
128385
128387
128398
128405
128409
128421
128428
128431
128434
128439
128463
128466
128468
128475
128480
128500
128503
128512
128514
128522
128539
128553
128557
128560
128561
128599
128607
128608
128612
128615
128631
128632
128645
128647
128649
128665
128667
128670
128682
128690
128691
128695
128706
128709
128715
128729
128736
128752
128763
128768
128785
128837
128838
128848
128850
128858
128885
128905
128921
128922
128929
128932
128942
128943
128957
128969
128972
128974
128977
128987
128989
128998
129006
129026
129030
129032
129037
129056
129059
129060
129064
129067
129097
129108
129129
129133
129166
129176
129192
129201
129205
129223
129253
129257
129278
129305
129310
129313
129314
129327
129331
129334
129359
129371
129379
129397
129415
129436
129439
129448
129456
129474
129485
129507
129510
129512
129532
129539
129546
129551
129553
129557
129568
129582
129586
129599
129604
129610
129613
129648
129656
129658
129672
129695
129715
129716
129722
129725
129726
129737
129738
129758
129781
129794
129801
129806
129813
129820
129821
129859
129871
129872
129888
129890
129894
129908
129914
129917
129921
129925
129926
129940
129971
129977
129980
129995
130000
130005
130006
130011
130024
130037
130047
130053
130069
130070
130074
130096
130100
130111
130120
130122
130163
130164
130175
130180
130181
130183
130184
130188
130192
130215
130226
130228
130239
130252
130269
130270
130271
130275
130280
130286
130287
130295
130313
130314
130324
130337
130339
130357
130361
130366
130392
130394
130406
130411
130413
130440
130441
130458
130473
130492
130501
130506
130512
130518
130534
130538
130545
130553
130581
130588
130607
130610
130624
130625
130637
130654
130681
130685
130705
130714
130718
130740
130741
130745
130749
130757
130759
130778
130786
130807
130851
130869
130872
130876
130880
130885
130886
130888
130897
130914
130949
130950
130967
130972
130973
130974
130992
130997
130998
131011
131015
131031
131043
131058
131059
131067
131075
131093
131107
131113
131126
131127
131133
131160
131162
131170
131172
131174
131190
131211
131215
131245
131299
131312
131315
131323
131330
131339
131342
131351
131352
131374
131376
131388
131400
131415
131427
131449
131450
131460
131465
131470
131485
131486
131487
131490
131498
131509
131511
131522
131524
131533
131534
131547
131564
131580
131589
131613
131621
131638
131666
131678
131696
131703
131731
131735
131742
131763
131764
131812
131816
131825
131826
131833
131858
131865
131879
131909
131911
131913
131915
131918
131927
131952
131978
132002
132015
132019
132038
132041
132057
132077
132081
132094
132099
132104
132114
132123
132137
132139
132141
132147
132165
132183
132188
132193
132196
132258
132262
132265
132290
132294
132298
132299
132303
132307
132313
132330
132331
132385
132386
132394
132395
132412
132417
132420
132422
132430
132432
132447
132453
132454
132470
132476
132497
132500
132503
132515
132517
132521
132523
132527
132531
132538
132549
132552
132564
132565
132568
132571
132573
132574
132576
132585
132591
132617
132621
132626
132646
132654
132669
132670
132688
132698
132699
132710
132724
132725
132746
132750
132758
132760
132768
132773
132789
132793
132798
132826
132836
132838
132841
132847
132850
132857
132874
132883
132889
132908
132913
132935
132946
132959
132964
132972
132973
132997
133011
133030
133048
133063
133071
133086
133110
133113
133119
133137
133153
133175
133183
133194
133196
133200
133208
133225
133229
133234
133247
133261
133275
133278
133294
133295
133298
133314
133315
133329
133331
133369
133384
133403
133410
133426
133428
133449
133467
133486
133490
133505
133509
133510
133517
133532
133543
133549
133554
133565
133573
133580
133594
133609
133615
133627
133634
133641
133650
133660
133672
133688
133697
133722
133727
133731
133766
133791
133831
133835
133839
133845
133850
133879
133883
133885
133905
133908
133909
133912
133939
133940
133990
134007
134032
134033
134037
134068
134071
134072
134077
134078
134081
134100
134111
134113
134128
134144
134165
134169
134177
134185
134188
134211
134227
134233
134238
134240
134242
134262
134271
134286
134294
134302
134309
134324
134325
134327
134334
134339
134351
134362
134375
134378
134383
134396
134447
134454
134479
134486
134490
134494
134506
134510
134520
134532
134538
134543
134548
134562
134564
134586
134589
134597
134599
134605
134606
134624
134639
134640
134673
134697
134717
134721
134724
134752
134754
134769
134770
134779
134782
134818
134825
134829
134832
134835
134837
134841
134849
134857
134858
134871
134902
134907
134912
134937
134946
134948
134951
134955
134958
134986
135010
135016
135032
135038
135041
135045
135082
135086
135094
135122
135126
135129
135135
135193
135202
135206
135237
135242
135250
135251
135258
135267
135278
135287
135292
135322
135326
135327
135332
135344
135345
135348
135367
135392
135420
135442
135453
135459
135463
135467
135472
135480
135482
135499
135508
135513
135538
135564
135576
135585
135589
135607
135608
135618
135626
135627
135628
135638
135676
135683
135685
135694
135730
135733
135735
135741
135749
135754
135761
135772
135790
135794
135800
135815
135836
135849
135878
135894
135907
135937
135938
135955
135966
135982
135989
135996
136002
136015
136026
136027
136032
136064
136092
136093
136097
136111
136123
136129
136142
136145
136153
136158
136168
136184
136185
136200
136202
136217
136229
136233
136235
136240
136245
136260
136265
136267
136286
136289
136299
136300
136302
136310
136312
136323
136338
136350
136360
136369
136373
136394
136396
136453
136461
136468
136487
136493
136503
136539
136540
136559
136561
136563
136565
136570
136575
136587
136599
136641
136652
136653
136664
136668
136670
136672
136673
136683
136701
136704
136711
136721
136732
136736
136779
136790
136811
136819
136832
136835
136836
136849
136860
136881
136886
136894
136905
136917
136922
136928
136932
136951
136963
136970
136971
136977
136979
136983
136992
136993
137016
137029
137042
137045
137056
137094
137100
137105
137109
137123
137127
137134
137140
137150
137154
137173
137178
137210
137212
137220
137228
137238
137256
137273
137274
137278
137283
137288
137304
137320
137332
137339
137377
137378
137382
137385
137386
137396
137420
137442
137452
137483
137514
137547
137571
137583
137589
137591
137609
137635
137661
137666
137674
137690
137694
137701
137704
137706
137711
137724
137734
137745
137748
137777
137787
137806
137808
137824
137832
137833
137838
137847
137859
137877
137884
137886
137890
137892
137925
137931
137937
137953
137963
137964
137970
137984
137999
138008
138027
138032
138064
138067
138081
138092
138100
138103
138114
138116
138117
138131
138133
138134
138148
138153
138155
138161
138166
138189
138195
138200
138217
138234
138239
138248
138254
138258
138270
138303
138310
138315
138317
138347
138350
138385
138401
138434
138436
138456
138461
138486
138494
138501
138514
138518
138529
138547
138562
138567
138569
138571
138572
138582
138591
138595
138604
138618
138621
138629
138641
138670
138684
138699
138741
138742
138747
138749
138772
138780
138781
138789
138790
138805
138807
138810
138830
138836
138851
138859
138861
138878
138891
138905
138910
138915
138921
138922
138935
138948
138956
138977
138982
139000
139008
139009
139012
139039
139040
139042
139049
139065
139068
139083
139095
139105
139111
139120
139139
139144
139147
139151
139165
139198
139210
139214
139230
139240
139249
139258
139272
139275
139276
139284
139304
139309
139324
139327
139333
139334
139336
139339
139344
139345
139359
139372
139386
139390
139394
139400
139403
139416
139429
139469
139482
139500
139503
139507
139523
139538
139539
139541
139551
139564
139586
139595
139598
139604
139612
139617
139625
139633
139634
139639
139645
139653
139658
139665
139675
139679
139695
139702
139712
139728
139729
139748
139754
139757
139758
139763
139780
139787
139789
139796
139815
139817
139831
139839
139878
139887
139892
139904
139914
139915
139930
139944
139948
139952
139956
139958
139983
139987
140008
140028
140029
140044
140048
140053
140065
140067
140073
140074
140080
140088
140100
140114
140115
140130
140152
140180
140210
140236
140243
140244
140247
140252
140291
140308
140322
140328
140333
140340
140346
140347
140349
140351
140375
140387
140390
140426
140432
140438
140445
140450
140460
140473
140488
140493
140500
140512
140539
140543
140548
140577
140588
140590
140603
140617
140623
140627
140630
140633
140648
140666
140667
140671
140690
140717
140729
140730
140733
140738
140761
140762
140787
140801
140812
140813
140816
140817
140821
140831
140850
140865
140866
140867
140883
140898
140909
140918
140919
140922
140935
140943
140946
140954
140988
140990
140992
141000
141008
141013
141038
141051
141053
141056
141063
141065
141095
141101
141114
141121
141146
141153
141160
141181
141207
141224
141232
141236
141240
141251
141257
141265
141316
141330
141331
141336
141342
141372
141376
141382
141386
141387
141441
141447
141448
141460
141477
141482
141496
141519
141520
141532
141543
141554
141566
141581
141586
141600
141603
141604
141608
141652
141654
141692
141695
141702
141711
141712
141718
141723
141741
141759
141800
141809
141825
141827
141834
141842
141848
141851
141852
141857
141860
141862
141873
141874
141889
141893
141922
141923
141927
141931
141941
141947
141952
141955
141965
141986
141988
141994
141996
142002
142016
142047
142050
142051
142088
142098
142100
142113
142130
142153
142168
142187
142191
142198
142208
142225
142239
142269
142274
142291
142299
142321
142333
142349
142357
142378
142390
142413
142418
142420
142426
142428
142431
142439
142440
142466
142470
142481
142485
142532
142534
142545
142547
142557
142558
142561
142565
142569
142570
142587
142589
142599
142601
142622
142629
142637
142649
142660
142668
142674
142684
142686
142689
142711
142712
142733
142735
142741
142757
142771
142779
142786
142793
142794
142803
142804
142806
142822
142825
142859
142896
142946
142953
142958
142970
142981
142985
142996
143003
143006
143009
143017
143030
143051
143067
143071
143089
143091
143095
143096
143123
143139
143140
143151
143164
143186
143188
143231
143245
143263
143269
143286
143306
143323
143334
143339
143342
143348
143358
143367
143436
143449
143453
143457
143470
143478
143482
143499
143501
143507
143510
143511
143521
143522
143528
143530
143532
143538
143540
143557
143559
143569
143578
143594
143607
143616
143624
143629
143630
143636
143661
143664
143666
143699
143713
143716
143717
143733
143736
143745
143749
143756
143758
143764
143781
143789
143797
143800
143820
143845
143862
143874
143904
143921
143929
143933
143936
143941
143944
143952
143958
143965
143980
143984
143989
143992
143995
144000
144007
144022
144025
144027
144033
144049
144056
144079
144088
144091
144093
144115
144147
144163
144173
144176
144179
144180
144182
144194
144196
144199
144203
144224
144227
144230
144246
144258
144259
144272
144275
144289
144298
144313
144320
144321
144322
144330
144337
144345
144357
144358
144372
144391
144394
144430
144431
144436
144444
144449
144453
144470
144480
144484
144492
144495
144503
144505
144522
144538
144560
144580
144590
144597
144608
144618
144620
144622
144641
144646
144660
144670
144683
144695
144705
144717
144718
144727
144734
144746
144754
144772
144796
144812
144814
144817
144851
144881
144884
144897
144906
144907
144944
144951
144961
144965
144983
144994
145056
145078
145083
145087
145113
145116
145127
145139
145140
145161
145178
145179
145186
145188
145189
145191
145192
145211
145231
145238
145259
145262
145288
145290
145311
145313
145337
145343
145351
145360
145361
145375
145381
145385
145409
145411
145429
145447
145452
145462
145479
145499
145503
145518
145526
145551
145553
145573
145587
145610
145638
145642
145645
145679
145685
145699
145718
145722
145736
145738
145741
145749
145755
145761
145791
145793
145794
145809
145820
145823
145834
145841
145843
145845
145854
145863
145898
145911
145912
145915
145926
145945
145952
145978
145994
145999
146004
146015
146030
146047
146053
146058
146084
146091
146098
146103
146121
146128
146151
146162
146169
146171
146186
146188
146202
146215
146224
146226
146236
146237
146249
146274
146301
146313
146324
146348
146387
146389
146398
146401
146420
146432
146436
146440
146449
146467
146470
146492
146501
146510
146533
146560
146561
146563
146573
146582
146589
146591
146599
146602
146611
146620
146623
146626
146638
146645
146654
146700
146705
146722
146725
146751
146769
146786
146801
146810
146819
146824
146826
146861
146881
146885
146886
146907
146926
146933
146951
146954
146959
146972
146988
147012
147051
147052
147060
147076
147088
147091
147092
147103
147105
147115
147122
147131
147148
147170
147172
147174
147178
147187
147192
147204
147211
147226
147228
147246
147250
147267
147277
147278
147291
147294
147306
147311
147314
147328
147333
147366
147369
147371
147392
147398
147429
147442
147443
147444
147459
147466
147492
147501
147506
147526
147538
147539
147543
147547
147551
147553
147568
147574
147585
147591
147593
147597
147600
147610
147616
147618
147646
147674
147694
147698
147710
147716
147718
147733
147735
147743
147753
147772
147778
147779
147780
147782
147788
147798
147826
147830
147839
147843
147856
147873
147883
147894
147896
147913
147924
147926
147930
147931
147934
147941
147959
147960
147961
147963
147969
147970
147971
147973
147975
147976
148004
148019
148024
148044
148047
148085
148099
148101
148102
148114
148118
148144
148146
148165
148168
148176
148181
148196
148205
148215
148229
148230
148240
148251
148276
148292
148295
148297
148299
148301
148306
148318
148343
148344
148348
148366
148375
148385
148394
148400
148409
148411
148415
148427
148437
148452
148462
148474
148480
148502
148516
148517
148525
148527
148541
148546
148587
148622
148629
148634
148635
148639
148644
148646
148655
148677
148700
148705
148706
148747
148772
148773
148780
148781
148802
148807
148808
148810
148815
148827
148828
148839
148858
148860
148862
148871
148879
148884
148908
148938
148963
148965
148969
148983
148986
148994
149027
149030
149053
149060
149078
149079
149085
149086
149087
149095
149102
149117
149127
149143
149151
149157
149166
149180
149185
149188
149199
149202
149212
149215
149220
149221
149223
149230
149237
149253
149257
149263
149280
149295
149306
149314
149327
149331
149338
149343
149349
149357
149358
149365
149366
149381
149388
149410
149422
149423
149429
149434
149440
149449
149467
149498
149546
149551
149554
149555
149556
149566
149572
149583
149602
149604
149623
149643
149648
149660
149679
149686
149726
149737
149739
149755
149774
149791
149810
149812
149817
149833
149834
149835
149842
149849
149862
149871
149874
149878
149884
149892
149895
149896
149916
149918
149921
149927
149938
149949
149961
149993
149996
150017
150032
150037
150044
150048
150053
150074
150082
150100
150115
150126
150127
150148
150158
150161
150184
150185
150195
150196
150198
150225
150237
150276
150283
150286
150300
150331
150354
150360
150364
150372
150374
150421
150440
150442
150444
150455
150462
150473
150477
150480
150495
150500
150512
150537
150541
150559
150562
150594
150614
150640
150646
150650
150698
150746
150754
150769
150799
150838
150858
150867
150877
150911
150919
150920
150924
150942
150948
150996
150999
151017
151049
151050
151067
151074
151077
151094
151096
151100
151101
151103
151112
151156
151161
151163
151178
151192
151211
151214
151227
151250
151254
151265
151273
151277
151282
151287
151291
151300
151307
151322
151328
151345
151351
151352
151353
151364
151371
151375
151382
151396
151408
151434
151455
151466
151482
151483
151486
151493
151497
151499
151523
151546
151563
151564
151570
151573
151576
151577
151583
151587
151594
151599
151609
151611
151615
151619
151637
151655
151658
151669
151671
151678
151694
151699
151709
151722
151731
151732
151741
151757
151764
151777
151778
151801
151822
151830
151831
151833
151840
151859
151862
151864
151869
151892
151893
151900
151908
151915
151939
151945
151959
151975
151979
152003
152015
152038
152041
152048
152056
152060
152070
152079
152084
152089
152090
152099
152147
152162
152209
152237
152238
152247
152253
152261
152265
152269
152277
152293
152294
152299
152309
152320
152327
152328
152341
152353
152354
152389
152403
152405
152418
152425
152431
152434
152458
152472
152474
152483
152501
152502
152505
152514
152526
152529
152531
152556
152564
152573
152578
152586
152588
152621
152626
152632
152633
152650
152657
152659
152662
152664
152668
152677
152689
152693
152701
152722
152724
152725
152729
152733
152742
152764
152769
152781
152788
152789
152812
152815
152844
152857
152858
152860
152871
152913
152915
152922
152942
152954
152965
152974
152980
153008
153016
153031
153036
153039
153042
153047
153052
153067
153074
153105
153126
153128
153136
153140
153142
153159
153162
153186
153187
153190
153194
153204
153259
153262
153267
153270
153290
153321
153332
153350
153397
153421
153466
153476
153481
153507
153542
153559
153572
153573
153577
153585
153591
153601
153604
153609
153616
153618
153634
153639
153652
153655
153666
153671
153677
153716
153733
153736
153780
153790
153814
153824
153827
153829
153845
153861
153871
153879
153880
153882
153892
153907
153923
153960
153980
153985
153997
153998
154002
154007
154008
154011
154020
154023
154037
154060
154062
154066
154068
154124
154140
154167
154189
154204
154207
154209
154210
154212
154220
154244
154257
154274
154279
154289
154301
154305
154307
154310
154337
154343
154352
154359
154369
154373
154377
154382
154384
154399
154414
154424
154435
154443
154452
154462
154496
154502
154503
154547
154564
154567
154585
154597
154610
154613
154637
154648
154650
154652
154654
154656
154659
154667
154677
154680
154685
154689
154693
154704
154708
154713
154752
154755
154770
154772
154801
154811
154815
154847
154868
154869
154878
154879
154885
154888
154895
154898
154907
154911
154912
154916
154924
154927
154955
154965
154972
154995
155003
155009
155029
155040
155047
155058
155061
155076
155090
155097
155102
155105
155106
155107
155108
155117
155126
155138
155162
155167
155170
155177
155198
155205
155219
155221
155231
155244
155262
155263
155268
155292
155299
155302
155306
155309
155340
155344
155351
155376
155379
155386
155402
155417
155450
155457
155461
155470
155482
155493
155496
155498
155505
155515
155519
155543
155549
155569
155575
155618
155652
155666
155705
155709
155719
155735
155739
155751
155754
155782
155790
155795
155806
155823
155845
155849
155862
155864
155869
155892
155904
155908
155914
155936
155937
155939
155941
155942
155951
155954
155993
155995
155998
155999
156002
156039
156043
156060
156090
156101
156120
156133
156135
156151
156152
156170
156180
156197
156202
156204
156216
156221
156258
156259
156260
156296
156301
156312
156323
156326
156367
156391
156396
156398
156404
156405
156406
156425
156436
156448
156467
156471
156480
156499
156500
156504
156534
156543
156556
156624
156628
156630
156652
156682
156695
156700
156701
156710
156716
156739
156757
156763
156768
156769
156776
156812
156824
156833
156836
156849
156852
156859
156885
156895
156910
156914
156939
156943
156955
156958
156963
156977
156985
157016
157017
157020
157026
157032
157036
157041
157049
157076
157085
157105
157107
157153
157168
157172
157176
157181
157186
157188
157190
157198
157199
157202
157204
157205
157209
157215
157231
157237
157238
157249
157260
157266
157288
157295
157300
157301
157342
157345
157350
157356
157368
157371
157377
157380
157393
157397
157424
157426
157434
157450
157476
157491
157502
157503
157505
157512
157519
157526
157551
157586
157588
157594
157603
157610
157616
157618
157621
157636
157642
157645
157656
157673
157675
157693
157696
157700
157714
157744
157748
157778
157783
157792
157793
157804
157806
157815
157872
157875
157911
157916
157921
157923
157931
157942
157958
157977
157981
157986
157989
157991
158017
158018
158020
158028
158031
158036
158038
158043
158051
158053
158080
158088
158105
158107
158130
158137
158143
158169
158195
158198
158201
158207
158208
158212
158225
158261
158276
158286
158302
158307
158311
158322
158326
158335
158342
158345
158353
158359
158362
158391
158418
158420
158422
158428
158432
158443
158445
158451
158456
158486
158507
158514
158515
158536
158540
158555
158556
158567
158569
158582
158601
158607
158625
158647
158676
158684
158694
158701
158713
158717
158718
158726
158729
158737
158747
158754
158759
158786
158810
158818
158821
158831
158848
158853
158854
158861
158869
158873
158876
158878
158880
158883
158897
158899
158906
158908
158914
158923
158933
158965
158996
159013
159021
159026
159028
159038
159061
159070
159105
159118
159121
159127
159128
159135
159152
159168
159175
159196
159199
159213
159220
159250
159280
159285
159296
159309
159313
159332
159340
159346
159356
159357
159370
159376
159392
159398
159403
159411
159423
159436
159444
159446
159453
159456
159457
159459
159465
159472
159480
159482
159495
159521
159525
159542
159551
159554
159558
159562
159577
159582
159585
159592
159626
159634
159649
159656
159682
159702
159704
159707
159715
159729
159753
159754
159756
159761
159771
159777
159808
159823
159828
159856
159887
159888
159889
159897
159923
159924
159929
159952
159954
159957
159965
159971
159974
159987
159993
160000
160001
160013
160014
160016
160028
160034
160037
160041
160064
160101
160102
160103
160106
160143
160152
160159
160163
160171
160181
160188
160201
160214
160226
160238
160245
160247
160254
160255
160259
160273
160290
160298
160302
160317
160325
160327
160337
160402
160407
160415
160422
160428
160429
160443
160463
160471
160490
160503
160510
160516
160535
160542
160549
160560
160573
160585
160586
160597
160602
160610
160615
160624
160625
160628
160647
160648
160653
160660
160671
160679
160688
160690
160691
160694
160701
160712
160741
160743
160746
160810
160812
160815
160818
160823
160824
160837
160848
160852
160866
160890
160893
160899
160901
160910
160926
160930
160938
160940
160944
160967
160968
160970
160974
160994
161006
161015
161019
161027
161028
161031
161033
161054
161056
161062
161071
161084
161093
161101
161156
161178
161190
161229
161234
161244
161251
161262
161278
161280
161287
161304
161312
161333
161349
161354
161356
161381
161383
161384
161434
161438
161451
161503
161510
161515
161543
161545
161578
161585
161597
161599
161610
161617
161648
161654
161657
161673
161686
161719
161725
161733
161740
161745
161746
161751
161757
161760
161762
161771
161776
161777
161782
161793
161796
161809
161812
161814
161836
161843
161846
161856
161865
161885
161886
161914
161917
161919
161924
161927
161929
161930
161935
161941
161947
161958
161963
161970
161973
161974
161996
162007
162023
162031
162033
162041
162055
162083
162084
162087
162089
162102
162104
162112
162161
162163
162164
162171
162177
162181
162182
162193
162199
162200
162206
162213
162215
162227
162230
162282
162295
162300
162309
162318
162319
162346
162355
162372
162375
162386
162396
162411
162419
162427
162435
162462
162475
162488
162491
162520
162524
162538
162551
162557
162558
162559
162573
162577
162578
162592
162596
162598
162641
162646
162650
162654
162688
162691
162693
162712
162717
162728
162741
162747
162767
162768
162770
162773
162775
162813
162828
162848
162880
162882
162892
162898
162937
162963
162965
162989
162993
162996
163002
163009
163011
163031
163045
163047
163055
163068
163081
163089
163091
163095
163103
163106
163114
163142
163175
163180
163186
163192
163220
163225
163229
163234
163239
163250
163263
163266
163283
163302
163326
163331
163332
163350
163358
163370
163385
163387
163394
163431
163435
163442
163457
163474
163478
163483
163485
163497
163498
163514
163525
163546
163553
163559
163560
163563
163565
163579
163591
163594
163598
163599
163602
163615
163617
163645
163660
163692
163707
163713
163715
163716
163717
163718
163723
163727
163743
163761
163771
163803
163812
163813
163818
163827
163828
163840
163858
163866
163897
163921
163927
163928
163933
163939
163962
163965
163975
163985
163991
163999
164000
164001
164006
164010
164013
164036
164040
164041
164042
164043
164044
164076
164093
164094
164102
164103
164114
164116
164128
164142
164153
164168
164186
164189
164200
164205
164208
164211
164222
164224
164241
164249
164286
164287
164310
164327
164346
164348
164360
164381
164388
164391
164423
164428
164439
164462
164485
164487
164491
164493
164499
164534
164543
164564
164569
164572
164587
164599
164600
164603
164617
164634
164638
164642
164655
164657
164663
164667
164676
164680
164683
164687
164691
164694
164696
164698
164725
164749
164751
164772
164783
164786
164842
164850
164863
164864
164891
164908
164909
164910
164918
164921
164941
164944
164951
164972
164997
164999
165018
165034
165040
165043
165050
165053
165057
165062
165063
165064
165071
165077
165086
165094
165100
165106
165126
165142
165160
165161
165163
165169
165199
165200
165203
165232
165247
165248
165271
165291
165341
165359
165373
165376
165388
165395
165410
165412
165426
165431
165433
165436
165438
165451
165463
165470
165479
165492
165499
165531
165542
165546
165550
165555
165562
165571
165574
165606
165607
165609
165610
165611
165621
165654
165658
165671
165674
165684
165688
165707
165727
165741
165753
165757
165766
165773
165792
165799
165803
165833
165835
165847
165855
165868
165907
165916
165921
165927
165936
165953
165955
165956
165960
165969
165977
165990
165999
166001
166009
166018
166036
166043
166047
166057
166069
166073
166076
166082
166087
166092
166120
166126
166127
166137
166141
166179
166200
166201
166207
166225
166229
166230
166233
166254
166275
166291
166296
166297
166303
166328
166335
166338
166349
166354
166356
166370
166376
166386
166395
166403
166408
166420
166421
166430
166450
166463
166465
166467
166468
166474
166481
166489
166506
166525
166529
166533
166536
166560
166575
166585
166589
166596
166622
166631
166637
166653
166674
166678
166692
166693
166699
166706
166711
166713
166723
166742
166750
166751
166762
166766
166776
166797
166813
166848
166864
166865
166871
166874
166880
166903
166915
166926
166932
166940
166959
166972
166977
166985
166987
166997
167002
167006
167027
167033
167042
167045
167057
167062
167075
167083
167115
167118
167123
167126
167133
167169
167171
167180
167184
167189
167206
167220
167234
167245
167248
167264
167300
167303
167317
167322
167330
167342
167346
167348
167352
167355
167359
167375
167383
167393
167395
167397
167408
167411
167426
167431
167450
167453
167467
167480
167482
167489
167490
167494
167506
167520
167525
167533
167541
167553
167559
167564
167574
167577
167581
167603
167613
167621
167622
167623
167636
167640
167642
167644
167645
167649
167661
167675
167680
167683
167693
167698
167708
167713
167728
167734
167740
167741
167746
167748
167755
167758
167811
167813
