267435
267443
267463
267476
267499
267502
267504
267531
267540
267543
267552
267556
267560
267568
267578
267583
267586
267604
267612
267624
267649
267653
267661
267680
267688
267691
267697
267699
267700
267704
267708
267715
267717
267731
267732
267734
267762
267774
267779
267788
267794
267798
267813
267815
267823
267825
267830
267831
267848
267851
267852
267863
267871
267885
267898
267925
267927
267950
267956
267957
267969
267980
267985
268008
268014
268036
268043
268065
268067
268068
268071
268081
268084
268094
268095
268100
268102
268105
268114
268122
268123
268129
268141
268147
268150
268161
268190
268197
268200
268209
268212
268227
268231
268251
268268
268310
268313
268334
268341
268342
268370
268372
268385
268388
268389
268397
268403
268428
268430
268441
268468
268481
268510
268512
268516
268518
268533
268569
268570
268577
268579
268583
268586
268590
268592
268603
268617
268628
268640
268646
268647
268654
268656
268659
268668
268681
268688
268694
268711
268737
268739
268741
268750
268777
268781
268787
268793
268798
268804
268809
268835
268845
268848
268881
268892
268899
268900
268901
268905
268918
268921
268940
268982
268988
268993
269004
269045
269051
269054
269079
269088
269090
269103
269142
269152
269160
269168
269171
269174
269187
269199
269206
269229
269234
269235
269245
269249
269260
269263
269273
269325
269327
269355
269364
269366
269372
269380
269386
269392
269431
269432
269458
269477
269490
269493
269496
269502
269503
269504
269508
269532
269538
269541
269543
269551
269561
269566
269588
269590
269597
269605
269612
269621
269634
269650
269664
269680
269704
269718
269723
269726
269751
269788
269798
269799
269827
269853
269862
269863
269888
269903
269915
269920
269921
269934
269946
269947
269958
269973
269986
269996
269997
270004
270017
270025
270070
270074
270079
270083
270089
270098
270111
270112
270123
270154
270160
270163
270166
270184
270186
270193
270195
270198
270202
270234
270243
270247
270248
270250
270254
270269
270278
270284
270315
270325
270326
270333
270338
270362
270369
270373
270384
270388
270391
270406
270407
270431
270440
270443
270460
270472
270475
270478
270497
270500
270512
270523
270536
270574
270579
270604
270623
270636
270644
270650
270659
270661
270683
270686
270703
270715
270716
270722
270723
270740
270747
270749
270769
270784
270789
270790
270796
270799
270809
270812
270818
270836
270846
270865
270898
270906
270912
270916
270922
270947
270956
270959
270972
270984
270999
271034
271038
271051
271057
271058
271066
271077
271079
271092
271112
271113
271118
271157
271166
271167
271171
271182
271183
271185
271190
271214
271231
271235
271249
271250
271280
271282
271283
271298
271301
271310
271324
271343
271351
271360
271363
271373
271383
271385
271388
271394
271401
271411
271416
271417
271418
271419
271435
271441
271466
271473
271476
271484
271495
271499
271505
271522
271563
271568
271574
271577
271580
271586
271591
271595
271604
271622
271641
271654
271655
271689
271696
271701
271714
271736
271747
271753
271760
271763
271771
271789
271791
271814
271829
271857
271875
271890
271906
271924
271930
271941
271960
271964
271972
271987
271992
271994
271999
272007
272022
272026
272027
272034
272036
272040
272058
272064
272068
272081
272082
272095
272100
272132
272143
272157
272194
272196
272203
272211
272217
272218
272219
272223
272250
272255
272269
272309
272310
272312
272341
272343
272365
272384
272385
272412
272420
272421
272439
272441
272444
272459
272463
272479
272492
272510
272544
272569
272588
272613
272626
272632
272647
272651
272653
272670
272675
272679
272706
272716
272735
272740
272741
272743
272747
272758
272765
272773
272797
272803
272807
272837
272838
272852
272866
272876
272882
272899
272901
272924
272967
272991
272997
273001
273035
273046
273049
273053
273069
273075
273081
273082
273088
273103
273106
273119
273120
273138
273158
273159
273174
273175
273197
273200
273204
273207
273217
273253
273268
273279
273294
273304
273314
273324
273336
273337
273352
273358
273371
273379
273383
273387
273407
273421
273427
273439
273443
273445
273446
273537
273548
273559
273560
273561
273576
273591
273592
273600
273602
273606
273607
273641
273650
273653
273658
273665
273677
273729
273732
273743
273771
273782
273783
273789
273804
273808
273814
273840
273850
273863
273866
273879
273887
273893
273898
273917
273929
273932
273951
273979
273999
274012
274019
274022
274039
274047
274054
274068
274074
274079
274089
274105
274108
274123
274130
274148
274160
274184
274195
274196
274203
274209
274213
274224
274232
274239
274248
274267
274270
274271
274275
274286
274304
274314
274319
274334
274337
274341
274360
274386
274402
274409
274413
274424
274437
274446
274466
274474
274477
274480
274499
274516
274518
274526
274529
274536
274537
274551
274556
274559
274562
274570
274574
274586
274602
274631
274633
274640
274663
274667
274676
274682
274685
274688
274715
274724
274731
274753
274758
274759
274760
274763
274770
274776
274784
274786
274793
274801
274815
274834
274853
274876
274881
274885
274888
274894
274897
274900
274907
274916
274934
274970
274977
275001
275008
275014
275036
275038
275057
275088
275102
275125
275168
275170
275173
275206
275211
275242
275271
275276
275297
275304
275316
275325
275327
275335
275339
275348
275353
275371
275377
275380
275406
275409
275412
275413
275432
275491
275502
275511
275529
275530
275544
275557
275565
275581
275583
275591
275603
275612
275613
275625
275630
275644
275660
275663
275672
275685
275691
275694
275700
275707
275708
275709
275718
275723
275741
275758
275760
275775
275811
275821
275830
275831
275832
275839
275855
275868
275869
275885
275900
275902
275913
275917
275922
275932
275938
275954
275961
275969
275977
275980
275988
275995
275997
276004
276015
276017
276037
276047
276064
276105
276125
276128
276135
276162
276168
276169
276197
276200
276208
276209
276233
276244
276247
276283
276290
276295
276311
276325
276332
276336
276343
276365
276376
276386
276417
276420
276444
276459
276467
276479
276491
276506
276515
276516
276527
276531
276542
276545
276554
276559
276565
276572
276582
276584
276590
276597
276610
276620
276621
276626
276639
276644
276645
276664
276671
276686
276696
276703
276711
276716
276721
276735
276740
276760
276763
276770
276789
276794
276798
276806
276811
276829
276835
276842
276849
276870
276894
276895
276909
276913
276918
276931
276937
276951
276956
276972
277003
277013
277026
277038
277047
277050
277055
277064
277069
277070
277085
277088
277096
277122
277125
277127
277129
277134
277141
277150
277161
277167
277188
277200
277202
277204
277215
277218
277225
277237
277243
277267
277284
277292
277319
277334
277338
277346
277352
277375
277379
277384
277386
277389
277393
277396
277401
277403
277406
277418
277426
277427
277433
277436
277439
277448
277449
277461
277463
277466
277473
277496
277503
277529
277530
277544
277550
277553
277562
277575
277576
277594
277613
277623
277630
277637
277653
277663
277665
277681
277693
277706
277709
277718
277746
277764
277775
277776
277788
277790
277795
277797
277798
277799
277807
277810
277821
277827
277848
277852
277854
277857
277858
277907
277914
277916
277918
277968
277990
278001
278028
278055
278060
278064
278066
278078
278086
278096
278097
278100
278115
278174
278211
278219
278230
278240
278242
278256
278258
278265
278272
278287
278291
278293
278297
278303
278336
278344
278347
278357
278393
278394
278398
278411
278418
278439
278450
278452
278457
278461
278467
278489
278491
278494
278496
278525
278541
278548
278555
278565
278573
278612
278628
278639
278646
278653
278660
278661
278662
278665
278673
278675
278698
278710
278715
278731
278737
278776
278793
278796
278797
278823
278858
278860
278870
278907
278913
278921
278931
278938
278952
278963
279009
279012
279022
279025
279034
279060
279066
279071
279073
279089
279108
279117
279119
279122
279129
279131
279169
279182
279187
279189
279195
279197
279199
279222
279226
279237
279243
279247
279288
279291
279308
279320
279322
279324
279334
279341
279350
279373
279375
279377
279385
279401
279415
279421
279428
279438
279443
279444
279451
279454
279457
279477
279485
279503
279563
279577
279578
279580
279584
279588
279602
279608
279646
279647
279689
279697
279708
279726
279747
279749
279753
279775
279777
279780
279803
279804
279816
279829
279837
279844
279871
279881
279882
279883
279899
279916
279917
279929
279931
279934
279935
279947
279957
279961
279978
279986
279990
280018
280020
280023
280024
280047
280051
280059
280062
280069
280084
280087
280122
280132
280133
280156
280157
280160
280169
280176
280199
280206
280216
280220
280224
280241
280249
280257
280260
280270
280291
280307
280310
280331
280338
280340
280368
280377
280396
280423
280437
280442
280454
280469
280484
280490
280494
280508
280532
280551
280554
280556
280596
280599
280622
280641
280651
280666
280702
280721
280731
280740
280758
280764
280765
280767
280787
280799
280804
280805
280825
280829
280833
280838
280839
280847
280850
280852
280866
280873
280876
280883
280898
280913
280926
280942
280951
280959
280971
280988
280990
281003
281014
281027
281029
281034
281051
281052
281054
281060
281066
281085
281091
281105
281112
281121
281125
281131
281134
281160
281164
281180
281181
281191
281194
281196
281207
281210
281215
281217
281224
281230
281237
281262
281267
281280
281281
281285
281293
281301
281330
281358
281371
281385
281427
281431
281488
281495
281498
281557
281563
281564
281567
281575
281578
281583
281586
281595
281599
281615
281617
281631
281634
281646
281656
281663
281665
281700
281701
281713
281721
281742
281748
281764
281772
281774
281779
281789
281790
281818
281835
281840
281850
281855
281900
281906
281910
281939
281943
281959
281961
281994
281996
282002
282006
282009
282032
282039
282045
282048
282069
282070
282115
282131
282137
282142
282186
282190
282197
282208
282209
282220
282228
282234
282238
282239
282252
282264
282279
282283
282286
282293
282310
282316
282329
282349
282351
282354
282357
282368
282385
282406
282415
282419
282425
282428
282431
282440
282442
282456
282464
282466
282471
282482
282485
282514
282515
282523
282527
282558
282564
282565
282568
282572
282579
282586
282590
282599
282603
282624
282669
282671
282675
282679
282691
282692
282694
282703
282706
282707
282708
282730
282733
282737
282766
282773
282791
282793
282803
282834
282835
282840
282843
282855
282868
282889
282894
282899
282900
282930
282934
282943
282946
282949
282952
282981
282982
282987
282998
283004
283018
283111
283122
283125
283129
283138
283139
283141
283144
283170
283171
283180
283181
283188
283196
283220
283237
283240
283269
283278
283279
283294
283303
283309
283316
283323
283329
283333
283350
283355
283377
283382
283383
283393
283403
283405
283431
283445
283448
283451
283454
283456
283475
283476
283479
283485
283500
283502
283524
283530
283545
283557
283573
283589
283600
283611
283618
283631
283632
283650
283666
283673
283678
283679
283682
283697
283700
283704
283730
283734
283753
283757
283766
283780
283790
283803
283818
283835
283840
283867
283868
283870
283875
283884
283885
283888
283891
283896
283912
283913
283916
283921
283937
283955
283957
283960
283968
283970
283982
283985
283996
283999
284001
284008
284012
284018
284020
284047
284056
284084
284088
284089
284098
284128
284131
284133
284144
284148
284150
284170
284176
284195
284233
284252
284256
284307
284310
284324
284329
284338
284349
284355
284366
284373
284383
284386
284418
284448
284454
284461
284464
284468
284469
284493
284494
284498
284507
284510
284527
284540
284543
284545
284551
284568
284583
284599
284644
284649
284651
284652
284664
284667
284670
284676
284684
284686
284691
284701
284703
284722
284732
284756
284758
284759
284765
284770
284778
284794
284805
284814
284818
284835
284843
284846
284861
284863
284873
284886
284888
284893
284902
284910
284911
284920
284925
284932
284934
284940
284955
284964
284979
284987
284989
284993
284994
285000
285002
285018
285019
285022
285023
285037
285042
285045
285046
285059
285064
285074
285115
285130
285131
285132
285149
285180
285194
285195
285214
285217
285220
285253
285254
285257
285260
285263
285296
285299
285332
285342
285357
285358
285360
285376
285399
285400
285405
285450
285457
285460
285470
285473
285477
285478
285484
285488
285498
285499
285529
285548
285563
285570
285571
285579
285600
285612
285618
285628
285634
285647
285667
285697
285699
285705
285710
285729
285740
285743
285755
285784
285804
285810
285821
285825
285826
285851
285864
285877
285883
285890
285891
285893
285897
285910
285911
285913
285914
285927
285938
285958
285963
285965
285990
285998
286000
286009
286019
286022
286033
286044
286081
286083
286100
286101
286116
286120
286129
286132
286138
286144
286149
286153
286157
286159
286162
286171
286181
286186
286190
286233
286247
286254
286259
286279
286292
286302
286306
286328
286336
286349
286359
286368
286376
286382
286386
286388
286406
286411
286429
286430
286439
286469
286483
286484
286492
286499
286511
286519
286521
286525
286530
286569
286575
286576
286594
286611
286614
286619
286632
286645
286656
286673
286678
286685
286688
286692
286696
286698
286700
286702
286703
286704
286720
286745
286753
286787
286792
286793
286802
286816
286860
286870
286874
286876
286877
286886
286888
286892
286897
286899
286910
286925
286930
286932
286936
286939
286953
286961
286998
287003
287006
287024
287027
287038
287039
287041
287044
287049
287062
287084
287094
287095
287117
287119
287136
287140
287167
287173
287188
287197
287223
287228
287232
287234
287236
287239
287249
287253
287265
287270
287289
287299
287302
287303
287304
287308
287310
287322
287330
287337
287341
287360
287361
287364
287372
287374
287378
287388
287399
287418
287422
287437
287449
287466
287474
287494
287495
287509
287512
287519
287528
287531
287541
287565
287567
287572
287575
287578
287585
287590
287608
287639
287651
287659
287666
287682
287695
287716
287723
287760
287767
287774
287781
287792
287804
287833
287841
287842
287849
287854
287870
287872
287875
287877
287884
287886
287890
287904
287907
287920
287922
287927
287934
287953
287958
287960
287988
287998
288015
288018
288025
288026
288032
288039
288052
288055
288117
288127
288156
288164
288169
288171
288176
288180
288204
288223
288227
288236
288246
288259
288262
288274
288278
288310
288317
288372
288379
288411
288416
288440
288450
288451
288472
288478
288513
288544
288556
288559
288560
288569
288586
288589
288600
288602
288607
288609
288610
288627
288642
288649
288650
288651
288654
288659
288662
288691
288703
288707
288713
288724
288733
288739
288751
288805
288813
288814
288825
288827
288828
288836
288841
288846
288853
288880
288905
288906
288921
288941
288948
288964
288982
288986
289004
289005
289007
289019
289024
289027
289030
289031
289034
289040
289057
289058
289067
289075
289095
289100
289107
289140
289147
289154
289158
289170
289192
289197
289199
289211
289212
289213
289223
289231
289236
289242
289248
289275
289276
289293
289312
289326
289329
289332
289338
289341
289342
289354
289357
289367
289381
289425
289428
289460
289471
289482
289490
289492
289507
289510
289514
289515
289532
289545
289621
289660
289662
289663
289677
289682
289684
289693
289696
289698
289738
289740
289746
289751
289758
289766
289778
289782
289790
289791
289795
289805
289807
289814
289816
289821
289833
289845
289846
289852
289861
289864
289894
289895
289912
289915
289919
289966
289968
289971
289972
290010
290034
290047
290062
290072
290098
290122
290136
290144
290147
290153
290168
290174
290175
290185
290189
290192
290201
290224
290246
290262
290276
290314
290320
290370
290378
290395
290398
290400
290403
290410
290412
290415
290423
290428
290436
290437
290452
290457
290460
290482
290485
290498
290511
290522
290543
290544
290549
290563
290566
290578
290584
290608
290645
290652
290656
290658
290676
290690
290708
290718
290719
290720
290753
290754
290774
290775
290782
290804
290812
290849
290856
290864
290899
290911
290935
290941
290942
290946
290962
290965
290967
290974
291004
291016
291018
291019
291056
291059
291072
291098
291102
291107
291114
291117
291126
291141
291165
291182
291189
291201
291206
291207
291214
291260
291269
291280
291285
291290
291319
291320
291321
291333
291348
291349
291355
291373
291410
291417
291475
291477
291478
291484
291493
291499
291501
291504
291506
291518
291526
291527
291540
291550
291586
291587
291592
291596
291599
291614
291622
291630
291665
291669
291677
291687
291702
291725
291752
291760
291764
291770
291773
291780
291786
291797
291827
291839
291841
291854
291855
291865
291868
291873
291889
291894
291897
291898
291911
291915
291918
291921
291947
291973
292001
292009
292015
292030
292034
292047
292051
292053
292058
292087
292088
292090
292102
292120
292125
292135
292136
292145
292152
292160
292177
292181
292187
292211
292213
292238
292242
292243
292257
292283
292289
292294
292296
292304
292312
292314
292315
292338
292349
292356
292358
292375
292386
292387
292410
292416
292421
292432
292451
292459
292498
292510
292512
292518
292519
292522
292533
292537
292538
292543
292554
292558
292570
292572
292574
292579
292585
292587
292597
292602
292620
292645
292678
292687
292688
292719
292722
292730
292739
292751
292752
292763
292782
292791
292818
292823
292827
292829
292844
292845
292868
292876
292879
292893
292898
292907
292920
292921
292923
292927
292928
292962
292970
292977
292993
292998
292999
293061
293081
293086
293090
293159
293174
293242
293252
293254
293271
293274
293275
293276
293277
293280
293289
293304
293308
293311
293314
293319
293328
293339
293340
293342
293346
293353
293362
293366
293374
293377
293383
293385
293393
293418
293448
293453
293466
293480
293493
293510
293511
293514
293524
293532
293573
293577
293587
293589
293599
293605
293647
293658
293674
293679
293704
293713
293720
293723
293741
293756
293763
293792
293799
293800
293805
293819
293820
293822
293833
293860
293862
293864
293899
293906
293912
293914
293931
293944
293949
293966
293975
293979
293980
293986
293998
294008
294034
294049
294051
294052
294080
294083
294084
294090
294098
294100
294102
294104
294107
294108
294116
294127
294133
294159
294186
294199
294214
294226
294231
294238
294267
294283
294302
294309
294314
294323
294325
294330
294348
294349
294360
294371
294379
294380
294397
294409
294410
294416
294418
294426
294498
294499
294527
294535
294545
294549
294580
294581
294608
294615
294635
294639
294652
294659
294663
294688
294692
294702
294716
294734
294751
294758
294761
294775
294787
294811
294813
294829
294834
294837
294849
294850
294854
294863
294866
294877
294890
294892
294925
294934
294937
294942
294943
294954
294957
294968
294970
294974
294977
294978
294990
295015
295017
295032
295049
295057
295068
295082
295106
295107
295116
295135
295162
295169
295185
295195
295196
295197
295201
295233
295236
295241
295245
295257
295263
295267
295285
295286
295294
295321
295325
295329
295334
295343
295358
295362
295370
295376
295379
295394
295398
295399
295408
295410
295419
295423
295428
295433
295442
295448
295455
295461
295473
295480
295505
295537
295540
295550
295560
295563
295565
295571
295575
295577
295578
295613
295620
295626
295647
295655
295657
295659
295670
295695
295716
295740
295745
295748
295753
295762
295766
295773
295780
295782
295803
295815
295819
295834
295850
295853
295864
295887
295889
295893
295896
295916
295931
295932
295940
295941
295952
295958
295970
296009
296030
296033
296038
296040
296046
296059
296067
296093
296106
296108
296110
296112
296128
296134
296137
296139
296157
296159
296169
296170
296191
296201
296205
296225
296233
296244
296267
296277
296286
296289
296322
296344
296348
296377
296385
296403
296410
296417
296419
296432
296439
296462
296464
296474
296477
296479
296489
296528
296560
296567
296573
296581
296599
296602
296613
296614
296629
296631
296635
296648
296690
296693
296696
296699
296703
296711
296712
296735
296739
296747
296754
296755
296758
296760
296766
296767
296769
296777
296781
296790
296809
296821
296831
296832
296833
296843
296844
296846
296851
296868
296876
296883
296884
296894
296931
296933
296945
296946
296975
296978
296987
297009
297011
297020
297039
297043
297045
297049
297058
297075
297104
297112
297126
297131
297135
297141
297154
297168
297171
297173
297175
297181
297182
297187
297198
297200
297204
297206
297210
297236
297251
297257
297258
297273
297279
297304
297308
297326
297357
297359
297363
297370
297394
297409
297415
297417
297462
297465
297488
297502
297510
297517
297544
297552
297559
297564
297570
297585
297600
297607
297615
297632
297639
297645
297664
297665
297667
297672
297678
297680
297695
297730
297764
297765
297770
297789
297798
297802
297811
297829
297844
297866
297868
297870
297871
297876
297877
297880
297895
297906
297911
297919
297929
297954
297964
297967
297979
297981
297984
297990
298008
298014
298031
298034
298050
298058
298060
298065
298071
298077
298081
298109
298110
298122
298132
298135
298146
298147
298154
298160
298164
298182
298189
298193
298195
298199
298219
298224
298262
298269
298276
298295
298297
298300
298303
298304
298306
298312
298315
298327
298335
298350
298353
298354
298360
298395
298458
298459
298473
298475
298479
298481
298483
298501
298512
298527
298535
298545
298564
298573
298591
298614
298623
298639
298641
298644
298658
298672
298721
298747
298759
298777
298793
298799
298810
298817
298836
298840
298848
298853
298893
298900
298914
298931
298938
298956
298981
298983
298985
298987
298998
299004
299008
299010
299024
299026
299029
299041
299050
299051
299055
299066
299085
299103
299105
299111
299122
299123
299134
299154
299205
299212
299216
299244
299259
299270
299307
299309
299325
299333
299343
299351
299371
299381
299394
299411
299413
299417
299426
299438
299443
299444
299474
299488
299489
299495
299496
299498
299527
299560
299563
299568
299594
299623
299632
299641
299643
299648
299657
299662
299665
299675
299676
299689
299704
299712
299714
299715
299717
299723
299732
299738
299765
299768
299769
299771
299773
299779
299780
299781
299782
299800
299802
299811
299833
299836
299854
299869
299871
299881
299920
299923
299931
299932
299959
299962
300001
300021
300024
300028
300040
300056
300057
300067
300070
300072
300079
300103
300120
300169
300170
300177
300186
300192
300197
300198
300207
300209
300232
300239
300260
300264
300273
300279
300280
300284
300307
300321
300326
300333
300343
300369
300374
300380
300383
300388
300392
300399
300414
300415
300424
300428
300439
300444
300445
300467
300488
300510
300537
300568
300571
300580
300598
300620
300622
300624
300629
300661
300678
300684
300690
300704
300712
300738
300741
300745
300758
300772
300811
300815
300864
300882
300887
300895
300896
300898
300908
300918
300928
300930
300950
300955
300965
300966
300990
300993
301012
301039
301042
301045
301046
301047
301077
301109
301114
301121
301128
301129
301136
301156
301158
301160
301169
301171
301179
301187
301191
301194
301195
301207
301208
301209
301218
301225
301232
301238
301247
301251
301261
301273
301281
301296
301334
301362
301373
301381
301403
301409
301413
301419
301425
301427
301431
301432
301443
301457
301461
301479
301484
301527
301537
301546
301549
301554
301558
301597
301602
301603
301604
301615
301628
301631
301643
301644
301648
301649
301651
301657
301667
301671
301697
301714
301730
301747
301749
301764
301769
301778
301781
301783
301851
301870
301874
301888
301890
301895
301943
301965
301970
301985
301988
301992
301998
302000
302003
302019
302021
302029
302051
302055
302065
302071
302076
302078
302102
302103
302108
302117
302129
302141
302164
302166
302199
302201
302213
302227
302236
302249
302250
302278
302281
302282
302289
302312
302313
302319
302323
302325
302332
302343
302349
302372
302396
302397
302415
302424
302428
302432
302443
302458
302467
302470
302481
302503
302511
302514
302527
302538
302543
302547
302551
302579
302588
302601
302618
302634
302655
302656
302657
302660
302662
302666
302675
302685
302687
302703
302707
302713
302715
302725
302728
302740
302838
302845
302852
302869
302872
302885
302900
302903
302924
302928
302940
302960
302989
303003
303010
303012
303018
303020
303022
303047
303079
303095
303108
303126
303133
303137
303144
303148
303178
303227
303233
303241
303247
303252
303258
303287
303291
303311
303318
303360
303368
303370
303376
303388
303404
303407
303408
303414
303423
303438
303476
303484
303495
303507
303508
303537
303541
303546
303548
303570
303585
303592
303597
303599
303608
303610
303617
303627
303637
303651
303666
303683
303703
303708
303735
303743
303763
303800
303804
303870
303872
303873
303879
303891
303923
303935
303946
303959
303962
303964
303986
303991
304000
304011
304015
304023
304031
304038
304040
304047
304052
304054
304060
304065
304078
304093
304095
304110
304115
304125
304126
304134
304150
304151
304157
304214
304221
304223
304236
304238
304248
304250
304260
304314
304315
304332
304360
304374
304382
304384
304385
304391
304408
304455
304456
304459
304466
304493
304519
304520
304523
304528
304530
304548
304552
304561
304566
304580
304584
304601
304603
304608
304614
304627
304642
304645
304691
304693
304694
304710
304746
304757
304758
304759
304765
304777
304789
304833
304841
304849
304854
304858
304864
304866
304889
304905
304919
304939
304950
304958
304973
304997
304999
305014
305019
305055
305056
305075
305076
305084
305085
305093
305104
305105
305106
305117
305141
305152
305175
305191
305208
305215
305227
305247
305256
305259
305270
305278
305287
305291
305315
305323
305327
305338
305347
305363
305366
305370
305371
305374
305380
305384
305385
305390
305393
305409
305414
305422
305425
305431
305445
305451
305458
305462
305492
305496
305499
305501
305502
305517
305527
305538
305546
305549
305550
305557
305564
305573
305577
305580
305585
305624
305635
305638
305644
305652
305665
305667
305685
305709
305710
305723
305732
305746
305760
305772
305778
305788
305813
305826
305832
305853
305858
305887
305888
305895
305901
305905
305916
305919
305924
305954
305959
305980
305986
306030
306031
306037
306044
306049
306060
306069
306080
306089
306094
306109
306145
306152
306160
306169
306207
306219
306222
306232
306240
306249
306258
306266
306275
306277
306284
306288
306305
306320
306327
306354
306365
306376
306384
306407
306420
306433
306435
306439
306440
306447
306451
306454
306456
306475
306485
306490
306511
306522
306531
306540
306544
306552
306554
306557
306560
306561
306570
306581
306593
306595
306620
306627
306640
306661
306671
306677
306678
306681
306703
306718
306722
306724
306771
306789
306798
306800
306803
306811
306822
306830
306833
306866
306868
306878
306890
306900
306902
306913
306926
306967
306975
306998
307001
307016
307025
307030
307039
307050
307054
307061
307082
307108
307113
307114
307124
307136
307137
307148
307150
307153
307156
307158
307161
307174
307182
307186
307190
307194
307196
307197
307238
307240
307242
307246
307249
307264
307266
307278
307280
307299
307315
307318
307322
307337
307352
307379
307386
307400
307432
307435
307449
307464
307474
307475
307483
307497
307502
307534
307550
307552
307554
307567
307583
307603
307612
307618
307652
307662
307670
307671
307686
307708
307721
307732
307757
307758
307759
307764
307781
307803
307817
307825
307831
307857
307881
307884
307894
307897
307930
307949
307954
307966
307968
307970
307980
307981
308021
308027
308028
308034
308040
308047
308053
308073
308078
308079
308085
308086
308095
308096
308098
308100
308103
308107
308110
308119
308125
308139
308143
308172
308175
308180
308192
308195
308197
308208
308277
308292
308297
308302
308312
308327
308338
308343
308349
308350
308366
308372
308399
308405
308422
308433
308436
308444
308468
308470
308473
308488
308496
308520
308522
308527
308541
308548
308549
308568
308575
308582
308589
308590
308592
308598
308600
308603
308605
308606
308608
308610
308621
308625
308635
308641
308653
308659
308672
308674
308694
308703
308752
308758
308760
308766
308768
308772
308774
308775
308777
308780
308796
308798
308803
308806
308812
308825
308829
308872
308878
308905
308915
308919
308936
308950
308954
308963
308968
308977
308979
309002
309003
309031
309060
309081
309084
309087
309093
309139
309152
309161
309163
309165
309169
309195
309206
309241
309257
309260
309261
309267
309280
309284
309285
309292
309294
309311
309314
309323
309338
309364
309368
309369
309386
309400
309403
309406
309409
309412
309454
309491
309494
309496
309502
309511
309517
309519
309521
309523
309526
309531
309536
309551
309552
309562
309563
309568
309580
309585
309598
309599
309615
309618
309660
309679
309694
309695
309706
309720
309721
309727
309744
309771
309773
309774
309781
309791
309797
309817
309840
309850
309856
309869
309878
309880
309881
309915
309916
309937
309946
309948
309956
309968
309979
309983
310015
310021
310042
310047
310049
310053
310055
310070
310091
310092
310128
310136
310140
310155
310158
310163
310181
310203
310206
310214
310216
310240
310242
310277
310315
310317
310331
310338
310341
310344
310348
310360
310390
310411
310416
310419
310440
310450
310457
310459
310472
310498
310499
310501
310502
310514
310518
310523
310546
310558
310607
310629
310633
310645
310649
310654
310660
310664
310665
310670
310671
310672
310673
310683
310685
310688
310693
310702
310714
310748
310749
310752
310753
310759
310766
310772
310780
310789
310807
310808
310833
310851
310861
310865
310870
310875
310889
310890
310897
310928
310958
310965
310972
310978
310981
310989
311004
311007
311011
311025
311031
311056
311065
311066
311067
311076
311080
311087
311092
311099
311104
311112
311116
311119
311121
311143
311149
311162
311167
311174
311179
311195
311208
311220
311229
311251
311254
311271
311273
311284
311286
311301
311326
311331
311354
311358
311361
311366
311370
311377
311383
311388
311395
311401
311408
311412
311413
311416
311424
311428
311436
311448
311452
311469
311475
311478
311480
311488
311516
311521
311522
311524
311563
311564
311566
311568
311589
311596
311612
311615
311616
311620
311629
311641
311644
311645
311667
311669
311678
311683
311691
311694
311706
311709
311715
311726
311763
311771
311783
311808
311811
311821
311868
311882
311890
311895
311899
311925
311926
311927
311938
311939
311941
311953
311957
311965
311974
311996
311997
311999
312003
312010
312015
312017
312038
312041
312046
312050
312054
312074
312090
312117
312126
312139
312141
312142
312153
312182
312199
312205
312212
312218
312233
312240
312242
312246
312247
312269
312288
312292
312299
312326
312334
312344
312346
312352
312367
312368
312379
312380
312381
312398
312403
312420
312433
312439
312446
312454
312465
312467
312476
312479
312480
312494
312504
312506
312536
312539
312574
312577
312582
312603
312608
312621
312630
312631
312638
312652
312661
312671
312686
312697
312712
312718
312744
312748
312760
312763
312785
312789
312800
312802
312825
312826
312828
312841
312843
312850
312867
312876
312877
312886
312887
312894
312896
312907
312926
312935
312946
312959
312960
312961
313002
313007
313020
313047
313061
313066
313071
313073
313082
313113
313116
313134
313148
313201
313206
313209
313213
313218
313249
313254
313256
313260
313280
313286
313301
313306
313313
313361
313362
313381
313384
313388
313412
313432
313434
313436
313437
313449
313459
313473
313480
313506
313508
313518
313520
313525
313532
313541
313543
313555
313569
313570
313577
313582
313596
313600
313601
313609
313637
313644
313646
313648
313653
313655
313666
313673
313675
313694
313705
313709
313712
313721
313724
313757
313768
313779
313786
313787
313792
313798
313799
313802
313803
313807
313809
313812
313818
313820
313846
313848
313861
313873
313923
313925
313927
313932
313946
313950
313951
313953
313963
313980
313983
313993
314002
314008
314019
314044
314048
314050
314055
314069
314082
314092
314095
314109
314126
314135
314139
314164
314167
314174
314187
314189
314190
314201
314203
314224
314247
314265
314279
314292
314297
314298
314306
314319
314336
314357
314371
314377
314378
314379
314385
314420
314436
314439
314447
314462
314480
314497
314526
314537
314538
314540
314554
314556
314561
314570
314572
314574
314602
314614
314627
314646
314647
314672
314681
314692
314693
314703
314708
314718
314724
314725
314738
314741
314755
314758
314766
314778
314788
314791
314816
314818
314822
314833
314837
314844
314846
314852
314855
314877
314893
314897
314899
314915
314916
314920
314929
314943
314949
314951
314953
314964
314979
315005
315025
315028
315036
315045
315053
315065
315083
315092
315094
315104
315110
315111
315156
315160
315163
315165
315168
315193
315202
315211
315218
315221
315229
315243
315268
315269
315273
315294
315297
315310
315314
315324
315348
315381
315393
315399
315402
315404
315407
315415
315423
315425
315427
315428
315441
315461
315462
315466
315476
315487
315504
315508
315549
315568
315581
315593
315605
315607
315640
315645
315647
315663
315685
315713
315732
315734
315743
315751
315768
315793
315795
315808
315827
315830
315831
315856
315860
315861
315871
315895
315902
315944
315960
315972
315973
315992
315997
316001
316006
316016
316022
316026
316044
316059
316060
316061
316073
316075
316085
316093
316106
316109
316113
316115
316132
316141
316145
316152
316154
316155
316157
316178
316181
316190
316224
316229
316238
316269
316275
316343
316353
316377
316383
316407
316441
316444
316447
316448
316466
316474
316477
316481
316490
316524
316542
316555
316557
316561
316563
316571
316575
316578
316580
316581
316585
316595
316612
316622
316631
316640
316649
316650
316657
316663
316669
316676
316677
316696
316699
316703
316727
316746
316755
316759
316766
316781
316801
316802
316804
316807
316817
316826
316852
316855
316856
316867
316871
316878
316901
316907
316934
316936
316937
316970
316971
316993
317022
317036
317040
317054
317090
317091
317112
317131
317134
317149
317153
317162
317169
317172
317176
317179
317191
317193
317216
317223
317227
317234
317241
317274
317283
317292
317322
317323
317331
317365
317367
317391
317407
317428
317431
317458
317460
317461
317464
317474
317489
317495
317500
317509
317512
317527
317532
317534
317555
317557
317563
317615
317640
317679
317684
317728
317733
317756
317768
317788
317790
317792
317805
317816
317825
317833
317838
317840
317848
317851
317863
317878
317891
317896
317911
317935
317962
317971
317981
317986
317990
317997
318001
318006
318071
318073
318088
318089
318107
318108
318117
318122
318132
318139
318179
318180
318183
318184
318185
318189
318203
318222
318223
318234
318240
318241
318245
318247
318251
318279
318282
318299
318306
318310
318311
318328
318333
318355
318381
318382
318384
318385
318396
318401
318437
318444
318445
318467
318468
318469
318476
318483
318496
318506
318509
318525
318528
318529
318533
318541
318564
318574
318594
318598
318616
318630
318631
318637
318638
318646
318672
318677
318681
318706
318708
318724
318726
318733
318736
318741
318763
318768
318780
318783
318785
318807
318811
318815
318820
318845
318850
318857
318892
318904
318924
318929
318937
318953
318959
318974
318990
318995
318997
318999
319005
319031
319038
319043
319057
319061
319062
319070
319098
319101
319104
319115
319118
319126
319139
319155
319188
319192
319197
319211
319216
319227
319256
319260
319293
319299
319315
319332
319337
319339
319346
319354
319359
319364
319388
319398
319401
319406
319412
319427
319430
319443
319458
319465
319494
319517
319521
319522
319543
319576
319581
319591
319594
319609
319611
319612
319615
319621
319644
319645
319662
319683
319685
319688
319690
319693
319695
319712
319735
319738
319741
319747
319765
319766
319781
319783
319785
319822
319841
319863
319866
319899
319902
319903
319905
319907
319912
319914
319917
319943
319952
319961
319962
319977
319990
319991
320008
320014
320015
320045
320066
320085
320112
320117
320131
320137
320144
320159
320160
320186
320194
320200
320217
320225
320238
320245
320253
320273
320282
320286
320292
320308
320329
320354
320362
320371
320374
320376
320379
320386
320399
320418
320429
320434
320436
320454
320467
320471
320472
320478
320483
320503
320508
320523
320537
320550
320582
320594
320609
320611
320616
320643
320660
320661
320667
320685
320701
320707
320721
320731
320744
320759
320770
320785
320788
320804
320808
320816
320834
320835
320838
320840
320858
320867
320875
320892
320902
320921
320929
320943
320957
320963
321007
321011
321030
321039
321048
321057
321070
321119
321120
321127
321132
321133
321140
321150
321163
321173
321181
321194
321196
321206
321235
321238
321262
321291
321302
321304
321305
321306
321310
321318
321325
321330
321344
321355
321363
321382
321402
321418
321422
321438
321448
321468
321491
321494
321495
321500
321508
321511
321539
321546
321554
321562
321567
321577
321594
321601
321610
321633
321642
321646
321651
321679
321701
321713
321716
321717
321736
321766
321786
321794
321802
321806
321821
321831
321844
321849
321851
321852
321878
321879
321897
321902
321903
321907
321940
321942
321960
321964
321969
321970
321980
321991
322002
322023
322027
322049
322051
322059
322076
322080
322082
322089
322091
322094
322097
322101
322103
322121
322180
322197
322201
322203
322220
322239
322246
322249
322253
322255
322260
322269
322278
322302
322309
322315
322321
322324
322327
322337
322349
322362
322391
322392
322394
322395
322402
322405
322407
322411
322443
322449
322472
322478
322500
322507
322518
322536
322553
322557
322558
322560
322595
322615
322625
322630
322638
322662
322691
322692
322695
322698
322707
322710
322720
322725
322730
322738
322749
322755
322763
322768
322769
322790
322795
322804
322807
322820
322827
322835
322843
322847
322852
322869
322870
322891
322897
322905
322934
322943
322945
322969
322971
322972
322975
322979
322990
322992
323008
323010
323019
323020
323028
323030
323052
323054
323093
323104
323108
323109
323114
323123
323125
323129
323132
323133
323162
323164
323203
323208
323213
323226
323240
323249
323252
323264
323267
323268
323303
323336
323341
323347
323352
323368
323369
323374
323379
323387
323389
323424
323427
323448
323457
323466
323467
323470
323476
323478
323483
323494
323498
323499
323536
323553
323558
323581
323583
323585
323599
323612
323626
323646
323666
323695
323705
323717
323722
323728
323733
323737
323746
323784
323789
323790
323791
323804
323812
323829
323862
323868
323889
323900
323917
323934
323936
323950
323958
323963
323964
324012
324026
324032
324033
324036
324052
324094
324099
324104
324112
324116
324124
324130
324145
324165
324188
324228
324231
324232
324246
324252
324261
324262
324275
324277
324278
324280
324303
324310
324315
324316
324332
324334
324342
324365
324381
324395
324400
324401
324406
324412
324413
324415
324442
324443
324448
324450
324451
324455
324456
324460
324483
324488
324490
324496
324504
324507
324513
324537
324548
324588
324591
324603
324605
324611
324635
324642
324643
324645
324654
324663
324677
324682
324688
324697
324699
324705
324708
324709
324713
324730
324754
324772
324809
324817
324821
324823
324831
324832
324849
324852
324866
324870
324871
324877
324882
324893
324894
324910
324916
324924
324929
324936
324940
324943
324950
324952
324969
324989
324999
325008
325012
325014
325015
325021
325040
325042
325057
325063
325065
325073
325079
325080
325089
325115
325126
325143
325145
325147
325149
325154
325173
325175
325186
325206
325215
325220
325221
325229
325243
325261
325284
325287
325294
325298
325302
325310
325332
325346
325362
325366
325371
325380
325384
325389
325390
325444
325470
325471
325472
325475
325486
325487
325488
325494
325495
325503
325523
325524
325530
325548
325567
325569
325579
325583
325584
325590
325595
325600
325620
325629
325646
325648
325654
325665
325668
325681
325682
325684
325693
325696
325710
325723
325758
325775
325781
325786
325787
325790
325799
325801
325809
325812
325821
325833
325837
325850
325856
325862
325871
325891
325903
325932
325939
325943
325944
325950
325955
325956
325966
325981
325986
325989
326014
326035
326048
326056
326064
326065
326073
326076
326077
326080
326083
326092
326108
326111
326113
326143
326148
326156
326161
326201
326202
326203
326207
326209
326229
326232
326264
326290
326299
326300
326311
326313
326320
326335
326350
326354
326357
326359
326373
326374
326377
326390
326399
326408
326414
326433
326472
326475
326477
326484
326493
326496
326499
326508
326511
326527
326531
326533
326569
326570
326583
326584
326594
326598
326610
326613
326618
326628
326666
326689
326690
326700
326706
326709
326724
326750
326757
326770
326776
326780
326793
326801
326811
326823
326832
326836
326841
326853
326859
326891
326892
326920
326925
326935
326978
327026
327032
327039
327042
327055
327059
327063
327088
327105
327110
327123
327131
327144
327153
327174
327176
327178
327181
327183
327191
327202
327205
327209
327215
327217
327218
327221
327233
327241
327262
327271
327299
327304
327318
327324
327328
327330
327332
327337
327338
327368
327369
327392
327395
327418
327421
327449
327462
327468
327491
327498
327499
327502
327507
327536
327539
327550
327551
327561
327563
327573
327576
327578
327579
327586
327610
327628
327638
327643
327660
327664
327682
327694
327695
327713
327724
327726
327735
327746
327754
327758
327766
327770
327788
327802
327805
327808
327813
327818
327820
327841
327849
327860
327876
327881
327896
327921
327944
327979
327988
328023
328036
328054
328066
328075
328088
328101
328115
328119
328121
328124
328161
328162
328179
328210
328214
328228
328271
328275
328298
328304
328314
328318
328326
328327
328346
328348
328361
328373
328391
328407
328412
328427
328437
328449
328473
328487
328494
328500
328522
328548
328569
328581
328588
328589
328592
328605
328606
328628
328638
328651
328652
328663
328679
328688
328729
328732
328743
328760
328783
328792
328808
328810
328842
328847
328853
328858
328881
328902
328917
328918
328951
328969
328981
328999
329001
329004
329018
329024
329026
329034
329035
329055
329077
329083
329097
329107
329118
329126
329127
329134
329150
329151
329152
329175
329179
329182
329188
329191
329211
329230
329235
329242
329245
329262
329263
329268
329276
329286
329302
329350
329354
329368
329380
329384
329386
329399
329411
329457
329462
329474
329476
329477
329490
329501
329503
329515
329528
329535
329546
329551
329553
329563
329602
329613
329623
329634
329638
329640
329641
329652
329660
329661
329664
329667
329675
329684
329715
329726
329733
329737
329738
329748
329751
329752
329753
329755
329756
329765
329782
329793
329817
329831
329841
329843
329847
329865
329869
329878
329908
329919
329952
329954
329966
329988
329993
330004
330028
330040
330041
330054
330067
330082
330084
330086
330088
330094
330100
330112
330124
330133
330136
330164
330173
330175
330177
330181
330187
330208
330229
330236
330238
330253
330256
330284
330292
330311
330327
330329
330341
330342
330357
330358
330368
330376
330391
330400
330402
330403
330420
330429
330435
330436
330472
330486
330487
330498
330499
330513
330516
330524
330532
330562
330564
330572
330573
330578
330583
330586
330593
330597
330598
330607
330614
330621
330637
330649
330660
330663
330671
330677
330683
330694
330696
330708
330712
330716
330719
330727
330728
330766
330768
330770
330775
330808
330824
330862
330863
330868
330881
330894
330901
330907
330909
330914
330915
330916
330917
330919
330934
330951
330959
330961
330990
330991
331057
331059
331072
331074
331105
331119
331126
331129
331133
331134
331137
331139
331146
331152
331165
331186
331201
331203
331214
331216
331222
331224
331225
331249
331264
331266
331272
331278
331279
331291
331302
331313
331315
331350
331354
331370
331409
331417
331419
331425
331463
331479
331496
331503
331506
331520
331524
331530
331541
331544
331551
331560
331577
331588
331592
331607
331613
331635
331664
331670
331671
331676
331680
331695
331697
331702
331724
331738
331740
331746
331759
331772
331793
331797
331822
331824
331832
331852
331863
331864
331868
331871
331885
331900
331904
331907
331954
331955
331978
331982
331998
332003
332006
332012
332013
332015
332020
332031
332038
332063
332069
332072
332078
332097
332109
332122
332124
332131
332162
332166
332176
332182
332193
332202
332203
332215
332217
332219
332227
332239
332270
332273
332276
332296
332299
332311
332315
332322
332333
332345
332352
332355
332397
332405
332417
332420
332427
332448
332459
332463
332472
332485
332498
332540
332544
332562
332568
332578
332579
332585
332594
332606
332613
332623
332646
332684
332690
332691
332692
332722
332724
332732
332734
332736
332740
332755
332782
332792
332815
332816
332821
332836
332849
332853
332866
332867
332875
332876
332891
332905
332913
332915
332931
332932
332958
332976
333024
333040
333049
333066
333067
333075
333081
333087
333090
333099
333102
333127
333133
333134
333144
333151
333152
333157
333164
333170
333216
333231
333241
333247
333267
333277
333283
333309
333323
333324
333335
333337
333355
333363
333368
333376
333383
333407
333411
333415
333431
333443
333463
333474
333482
333485
333498
333509
333510
333517
333518
333532
333537
333546
333551
333555
333571
333580
333583
333586
333595
333599
333613
333621
333626
333634
333652
333653
333654
333663
333664
333687
333688
333694
333704
333705
333710
333721
333722
333724
333738
333739
333754
333758
333799
333807
333818
333819
333824
333831
333846
333855
333862
333863
333868
333891
333892
333894
333895
333916
333918
333920
333929
333945
333946
333951
333954
333978
333984
333995
334011
334012
334019
334032
334041
334046
334048
334059
334080
334097
334098
334101
334103
334104
334109
334121
334135
334136
334139
334162
334180
334184
334187
334197
334208
334215
334216
334251
334259
334277
334283
334285
334310
334320
334328
334352
334362
334364
334372
334373
334381
334393
334396
334410
334423
334431
334432
334448
334453
334470
334473
334474
334476
334477
334491
334517
334529
334549
334557
334561
334568
334580
334585
334587
334588
334596
334600
334603
334607
334610
334616
334630
334631
334637
334699
334703
334708
334714
334715
334716
334723
334733
334735
334736
334751
334752
334755
334758
334772
334774
334775
334777
334779
334789
334790
334803
334822
334845
334850
334852
334867
334868
334881
334883
334911
334916
334920
334936
334938
334940
334957
334958
334981
334995
334997
335013
335039
335072
335076
335087
335090
335092
335093
335106
335107
335111
335125
335131
335133
335138
335140
335144
335174
335197
335200
335208
335212
335216
335217
335231
335236
335244
335249
335255
335274
335289
335301
335318
335323
335332
335336
335344
335348
335351
335357
335359
335362
335363
335366
335376
335380
335385
335395
335405
335411
335415
335421
335433
335440
335451
335463
335477
335479
335481
335486
335492
335513
335518
335525
335534
335566
335581
335594
335615
335624
335650
335653
335656
335683
335692
335695
335696
335697
335709
335717
335722
335735
335749
335758
335766
335767
335775
335781
335784
335799
335802
335815
335824
335826
335840
335847
335855
335857
335860
335865
335866
335871
335874
335888
335909
335912
335913
335914
335922
335925
335928
335940
335955
335975
335982
335984
335986
336003
336006
336015
336040
336047
336058
336063
336075
336077
336079
336081
336129
336147
336159
336162
336172
336181
336185
336192
336195
336211
336221
336230
336231
336242
336251
336267
336286
336289
336310
336330
336333
336335
336350
336353
336357
336369
336370
336374
336385
336390
336397
336406
336414
336426
336445
336448
336449
336457
336465
336474
336477
336489
336492
336494
336517
336532
336534
336546
336552
336563
336569
336578
336580
336593
336607
336621
336634
336637
336651
336660
336663
336668
336675
336690
336697
336708
336723
336734
336735
336741
336749
336752
336764
336766
336770
336783
336797
336811
336840
336843
336854
336858
336874
336887
336897
336900
336910
336919
336933
336942
336958
336967
336980
336981
336990
336991
336994
337007
337013
337030
337047
337062
337068
337079
337087
337095
337104
337111
337126
337147
337151
337153
337156
337161
337164
337167
337177
337193
337201
337207
337219
337232
337255
337256
337265
337269
337277
337297
337298
337321
337325
337338
337353
337384
337390
337394
337425
337427
337433
337445
337458
337490
337511
337522
337527
337528
337536
337546
337547
337555
337575
337585
337594
337602
337607
337609
337621
337628
337647
337649
337660
337661
337663
337675
337682
337687
337691
337704
337711
337726
337728
337730
337745
337760
337771
337779
337780
337784
337786
337796
337802
337806
337808
337812
337819
337853
337857
337875
337877
337890
337895
337902
337915
337917
337930
337949
337951
337953
337975
337976
337985
337991
337993
337994
337997
338012
338018
338021
338025
338030
338059
338061
338077
338078
338086
338087
338102
338104
338118
338119
338132
338156
338164
338167
338168
338169
338189
338197
338215
338218
338224
338230
338235
338242
338246
338248
338258
338276
338281
338316
338319
338321
338323
338342
338357
338363
338367
338403
338407
338431
338438
338458
338474
338475
338478
338488
338497
338501
338509
338518
338521
338522
338528
338535
338541
338558
338618
338629
338637
338642
338651
338688
338693
338704
338705
338736
338745
338746
338766
338807
338819
338833
338834
338838
338850
338863
338864
338872
338880
338882
338884
338889
338910
338911
338943
338954
338963
338964
338969
338971
338972
338978
338980
338989
338991
339001
339020
339029
339031
339042
339051
339094
339100
339105
339108
339115
339129
339171
339186
339189
339210
339211
339227
339228
339234
339240
339244
339270
339276
339278
339290
339295
339324
339352
339358
339373
339382
339384
339404
339421
339446
339453
339462
339489
339495
339498
339521
339535
339536
339545
339547
339549
339575
339576
339579
339589
339595
339597
339603
339611
339633
339639
339643
339670
339674
339684
339687
339690
339693
339709
339715
339757
339790
339793
339796
339815
339862
339903
339913
339916
339918
339927
339940
339966
339978
339987
340002
340008
340019
340058
340060
340081
340095
340102
340103
340108
340109
340119
340126
340136
340138
340145
340152
340157
340160
340170
340181
340184
340185
340187
340197
340208
340213
340215
340220
340222
340228
340252
340270
340283
340285
340292
340314
340316
340317
340331
340343
340345
340375
340405
340406
340419
340440
340441
340445
340454
340459
340471
340476
340488
340489
340491
340494
340498
340501
340523
340528
340532
340535
340537
340539
340544
340545
340561
340598
340602
340610
340611
340612
340633
340653
340673
340684
340689
340698
340700
340703
340706
340734
340736
340758
340763
340771
340876
340897
340898
340903
340929
340941
340943
340958
340962
340988
340993
341013
341015
341027
341029
341039
341047
341049
341056
341060
341061
341062
341070
341075
341110
341116
341121
341133
341139
341143
341145
341161
341186
341189
341193
341198
341206
341209
341218
341219
341226
341241
341245
341270
341272
341277
341286
341290
341328
341335
341348
341350
341354
341359
341383
341402
341411
341413
341437
341440
341455
341457
341459
341502
341503
341511
341513
341534
341539
341546
341572
341573
341584
341592
341596
341612
341617
341621
341623
341628
341636
341663
341674
341693
341695
341696
341697
341714
341741
341756
341781
341792
341802
341822
341834
341843
341844
341845
341852
341886
341891
341892
341894
341899
341900
341905
341916
341917
341922
341941
341947
341963
341981
341985
341989
341996
342004
342005
342010
342017
342019
342045
342085
342098
342105
342107
342109
342122
342130
342132
342135
342139
342140
342141
342150
342159
342160
342174
342184
342185
342203
342206
342211
342220
342234
342259
342279
342296
342307
342323
342336
342340
342347
342363
342374
342385
342401
342408
342417
342432
342441
342452
342459
342469
342478
342483
342494
342523
342532
342549
342550
342561
342583
342585
342589
342591
342624
342660
342665
342681
342688
342702
342703
342704
342707
342715
342718
342724
342742
342757
342766
342787
342797
342812
342862
342885
342932
342942
342946
342952
342963
342965
342976
342988
342996
342998
342999
343002
343009
343012
343048
343066
343090
343104
343140
343153
343154
343156
343158
343165
343166
343167
343169
343183
343200
343201
343215
343224
343227
343231
343235
343243
343255
343257
343279
343284
343291
343309
343310
343319
343322
343341
343349
343357
343393
343404
343422
343425
343438
343452
343490
343503
343511
343514
343520
343526
343542
343551
343570
343574
343596
343598
343608
343610
343616
343619
343621
343650
343655
343676
343704
343707
343737
343748
343749
343752
343765
343770
343792
343810
343812
343823
343847
343849
343857
343872
343881
343887
343905
343912
343922
343933
343942
343948
343953
343960
343968
343969
343992
343999
344024
344031
344038
344040
344067
344073
344075
344096
344127
344138
344149
344174
344180
344181
344190
344196
344214
344236
344238
344259
344261
344276
344288
344298
344319
344353
344361
344374
344388
344402
344408
344422
344460
344467
344482
344491
344507
344566
344578
344579
344582
344592
344599
344629
344632
344644
344661
344672
344675
344703
344705
344720
344724
344726
344729
344735
344736
344763
344765
344782
344794
344801
344802
344805
344814
344817
344853
344854
344857
344859
344870
344880
344883
344885
344893
344894
344896
344902
344918
344920
344921
344924
344932
344935
344936
344941
344969
344974
344989
344996
345005
345009
345014
345019
345024
345040
345042
345047
345053
345062
345074
345084
345090
345100
345104
345145
345152
345161
345167
345168
345172
345177
345194
345218
345225
345238
345244
345263
345286
345331
345345
345368
345370
345388
345390
345417
345429
345432
345436
345455
345462
345476
345498
345518
345532
345541
345543
345549
345562
345567
345576
345590
345602
345608
345617
345625
345630
345634
345635
345644
345648
345667
345685
345691
345701
345702
345725
345728
345745
345781
345786
345799
345802
345803
345804
345813
345826
345831
345839
345842
345844
345855
345861
345863
345864
345867
345879
345880
345882
345897
345899
345903
345914
345951
345952
345981
345997
346004
346021
346026
346028
346041
346049
346051
346062
346082
346084
346090
346097
346121
346132
346158
346160
346161
346164
346168
346178
346179
346189
346190
346196
346223
346250
346266
346270
346272
346274
346295
346302
346313
346314
346335
346341
346344
346345
346351
346352
346360
346366
346375
346388
346391
346399
346403
346407
346425
346435
346437
346445
346450
346456
346458
346468
346469
346481
346492
346497
346503
346511
346521
346544
346547
346550
346566
346581
346614
346615
346637
346678
346699
346712
346749
346754
346785
346795
346799
346806
346812
346813
346817
346839
346849
346851
346853
346862
346867
346872
346876
346877
346890
346898
346909
346915
346924
346926
346950
346956
346964
347007
347016
347019
347021
347042
347048
347051
347055
347063
347068
347097
347101
347104
347111
347121
347131
347135
347139
347153
347155
347167
347177
347189
347202
347224
347243
347292
347297
347300
347312
347319
347327
347328
347340
347359
347362
347380
347392
347401
347403
347407
347419
347437
347438
347445
347455
347462
347463
347482
